1709979802978 2.569817066192627 0
1709979805597 2.442322254180908 1
1709979808242 2.464627504348755 2
1709979810944 2.439849615097046 3
1709979813498 2.4124631881713867 4
1709979815949 2.430908679962158 5
1709979818561 2.4171411991119385 6
1709979821042 2.432767629623413 7
1709979823676 2.4407448768615723 8
1709979826456 2.41843318939209 9
1709979828962 2.4055898189544678 10
1709979831432 2.408376455307007 11
1709979833844 2.392063856124878 12
1709979836287 2.406277656555176 13
1709979838949 2.416104316711426 14
1709979841626 2.4088242053985596 15
1709979844203 2.4259941577911377 16
1709979846799 2.394075393676758 17
1709979849346 2.4165360927581787 18
1709979852063 2.4056928157806396 19
1709979854576 2.416517972946167 20
1709979858778 2.429623603820801 21
1709979863077 2.404390573501587 22
1709979867448 2.4044947624206543 23
1709979871380 2.4410672187805176 24
1709979873995 2.4040544033050537 25
1709979877030 2.417954206466675 26
1709979881380 2.404043674468994 27
1709979885722 2.416827440261841 28
1709979890164 2.4282078742980957 29
