1709893961370 2.6695396900177 0
1709893967688 2.7800283432006836 1
1709893975098 2.947317600250244 2
1709893981666 2.725095272064209 3
1709893988172 3.0027527809143066 4
1709893994587 2.6139843463897705 5
1709894002451 2.7806508541107178 6
1709894008799 2.7806508541107178 7
1709894015192 2.7806508541107178 8
1709894021538 2.8362066745758057 9
1709894027984 2.8362064361572266 10
1709894034287 2.7806508541107178 11
1709894040598 3.1139841079711914 12
1709894046867 3.113983392715454 13
1709894053115 2.725095510482788 14
1709894059414 2.8917620182037354 15
1709894065648 2.6695396900177 16
1709894071950 2.8362064361572266 17
1709894078240 2.8917620182037354 18
1709894084472 2.8917620182037354 19
1709894090764 2.7806508541107178 20
1709894097066 2.6139841079711914 21
1709894103286 2.7806508541107178 22
1709894109664 2.8917620182037354 23
1709894115985 2.8362064361572266 24
1709894122279 2.8362064361572266 25
1709894128620 2.7806508541107178 26
1709894134894 2.780651092529297 27
1709894142036 2.8362064361572266 28
1709894148839 2.6695396900177 29
