1709886394265 0.0 49
1709886394377 0.0 99
1709886394578 0.0 149
1709886394778 0.0 199
1709886394960 0.0 249
1709886395100 0.0 299
1709886395205 0.0 349
1709886395313 0.0 399
1709886395421 0.0 449
1709886395528 0.0 499
1709886395635 0.0 549
1709886395744 0.0 599
1709886395849 0.0 649
1709886395954 0.0 699
1709886396058 0.0 749
1709886396164 0.0 799
1709886396267 0.0 849
1709886396370 0.0 899
1709886396477 0.0 949
1709886396583 0.0 999
1709886396688 0.0 1049
1709886396799 0.0 1099
1709886396907 0.0 1149
1709886397013 0.0 1199
1709886397118 0.0 1249
1709886397225 0.0 1299
1709886397334 0.0 1349
1709886397444 0.0 1399
1709886397564 0.0 1449
1709886397690 0.0 1499
1709886397815 0.0 1549
1709886397950 0.0 1599
1709886398073 0.0 1649
1709886398192 0.0 1699
1709886398318 0.0 1749
1709886398441 0.0 1799
1709886398551 0.0 1849
1709886398677 0.0 1899
1709886398812 0.0 1949
1709886398931 0.0 1999
1709886399063 0.0 2049
1709886399186 0.0 2099
1709886399324 0.0 2149
1709886399460 0.0 2199
1709886399585 0.0 2249
1709886399702 0.0 2299
1709886399810 0.0 2349
1709886399912 0.0 2399
1709886400014 0.0 2449
1709886400116 0.0 2499
1709886400223 0.0 2549
1709886400334 0.0 2599
1709886400441 0.0 2649
1709886400548 0.0 2699
1709886400657 0.0 2749
1709886400778 0.0 2799
1709886400898 0.0 2849
1709886401003 0.0 2899
1709886401110 0.0 2949
1709886401215 0.0 2999
1709886401324 0.0 3049
1709886401426 0.0 3099
1709886401530 0.0 3149
1709886401636 0.0 3199
1709886401758 0.0 3249
1709886401871 0.0 3299
1709886401982 0.0 3349
1709886402096 0.0 3399
1709886402208 0.0 3449
1709886402317 0.0 3499
1709886402421 0.0 3549
1709886402527 0.0 3599
1709886402633 0.0 3649
1709886402736 0.0 3699
1709886402842 0.0 3749
1709886402951 0.0 3799
1709886403054 0.0 3849
1709886403158 0.0 3899
1709886403264 0.0 3949
1709886403369 0.0 3999
1709886403472 0.0 4049
1709886403580 0.0 4099
1709886403685 0.0 4149
1709886403795 0.0 4199
1709886403902 0.0 4249
1709886404014 0.0 4299
1709886404123 0.0 4349
1709886404231 0.0 4399
1709886404338 0.0 4449
1709886404445 0.0 4499
1709886404552 0.0 4549
1709886404658 0.0 4599
1709886404765 0.0 4649
1709886404874 0.0 4699
1709886404987 0.0 4749
1709886405106 0.0 4799
1709886405212 0.0 4849
1709886405316 0.0 4899
1709886405421 0.0 4949
1709886405526 0.0 4999
1709886405630 0.0 5049
1709886405736 0.0 5099
1709886405842 0.0 5149
1709886405949 0.0 5199
1709886406053 0.0 5249
1709886406159 0.0 5299
1709886406265 0.0 5349
1709886406368 0.0 5399
1709886406469 0.0 5449
1709886406574 0.0 5499
1709886406684 0.0 5549
1709886406796 0.0 5599
1709886406908 0.0 5649
1709886407017 0.0 5699
1709886407132 0.0 5749
1709886407243 0.0 5799
1709886407355 0.0 5849
1709886407462 0.0 5899
1709886407567 0.0 5949
1709886407672 0.0 5999
1709886407785 0.0 6049
1709886407911 0.0 6099
1709886408020 0.0 6149
1709886408125 0.0 6199
1709886408229 0.0 6249
1709886408332 0.0 6299
1709886408437 0.0 6349
1709886408540 0.0 6399
1709886408642 0.0 6449
1709886408747 0.0 6499
1709886408851 0.0 6549
1709886408955 0.0 6599
1709886409061 0.0 6649
1709886409167 0.0 6699
1709886409274 0.0 6749
1709886409387 0.0 6799
1709886409506 0.0 6849
1709886409621 0.0 6899
1709886409736 0.0 6949
1709886409846 0.0 6999
1709886409955 0.0 7049
1709886410062 0.0 7099
1709886410170 0.0 7149
1709886410281 0.0 7199
1709886410391 0.0 7249
1709886410510 0.0 7299
1709886410619 0.0 7349
1709886410742 0.0 7399
1709886410852 0.0 7449
1709886410960 0.0 7499
1709886411070 0.0 7549
1709886411179 0.0 7599
1709886411284 0.0 7649
1709886411388 0.0 7699
1709886411495 0.0 7749
1709886411600 0.0 7799
1709886411704 0.0 7849
1709886411809 0.0 7899
1709886411912 0.0 7949
1709886412016 0.0 7999
1709886412119 0.0 8049
1709886412225 0.0 8099
1709886412327 0.0 8149
1709886412427 0.0 8199
1709886412529 0.0 8249
1709886412644 0.0 8299
1709886412766 0.0 8349
1709886412873 0.0 8399
1709886412979 0.0 8449
1709886413083 0.0 8499
1709886413191 0.0 8549
1709886413313 0.0 8599
1709886413422 0.0 8649
1709886413538 0.0 8699
1709886413648 0.0 8749
1709886413755 0.0 8799
1709886413864 0.0 8849
1709886413968 0.0 8899
1709886414073 0.0 8949
1709886414182 0.0 8999
1709886414293 0.0 9049
1709886414402 0.0 9099
1709886414510 0.0 9149
1709886414616 0.0 9199
1709886414722 0.0 9249
1709886414834 0.0 9299
1709886414949 0.0 9349
1709886415067 0.0 9399
1709886415184 0.0 9449
1709886415296 0.0 9499
1709886415407 0.0 9549
1709886415520 0.0 9599
1709886415631 0.0 9649
1709886415739 0.0 9699
1709886415848 0.0 9749
1709886415956 0.0 9799
1709886416065 0.0 9849
1709886416169 0.0 9899
1709886416279 0.0 9949
1709886416389 0.0 9999
1709886416497 0.0 10049
1709886416608 0.0 10099
1709886416723 0.0 10149
1709886420165 0.0 10149
1709886420293 1.0 10199
1709886420403 1.0 10249
1709886420514 1.0 10299
1709886420626 1.0 10349
1709886420738 1.0 10399
1709886420853 1.0 10449
1709886420960 1.0 10499
1709886421068 1.0 10549
1709886421172 1.0 10599
1709886421281 1.0 10649
1709886421390 1.0 10699
1709886421497 1.0 10749
1709886421606 1.0 10799
1709886421714 1.0 10849
1709886421822 1.0 10899
1709886421933 1.0 10949
1709886422039 1.0 10999
1709886422148 1.0 11049
1709886422252 1.0 11099
1709886422361 1.0 11149
1709886422468 1.0 11199
1709886422575 1.0 11249
1709886422682 1.0 11299
1709886422799 1.0 11349
1709886422905 1.0 11399
1709886423011 1.0 11449
1709886423118 1.0 11499
1709886423222 1.0 11549
1709886423326 1.0 11599
1709886423439 1.0 11649
1709886423542 1.0 11699
1709886423649 1.0 11749
1709886423755 1.0 11799
1709886423864 1.0 11849
1709886423971 1.0 11899
1709886424077 1.0 11949
1709886424182 1.0 11999
1709886424287 1.0 12049
1709886424396 1.0 12099
1709886424510 1.0 12149
1709886424631 1.0 12199
1709886424736 1.0 12249
1709886424852 1.0 12299
1709886424956 1.0 12349
1709886425063 1.0 12399
1709886425169 1.0 12449
1709886425277 1.0 12499
1709886425393 1.0 12549
1709886425505 1.0 12599
1709886425613 1.0 12649
1709886425722 1.0 12699
1709886425832 1.0 12749
1709886425938 1.0 12799
1709886426046 1.0 12849
1709886426183 1.0 12899
1709886426301 1.0 12949
1709886426404 1.0 12999
1709886426510 1.0 13049
1709886426616 1.0 13099
1709886426721 1.0 13149
1709886426846 1.0 13199
1709886426956 1.0 13249
1709886427059 1.0 13299
1709886427165 1.0 13349
1709886427270 1.0 13399
1709886427379 1.0 13449
1709886427491 1.0 13499
1709886427599 1.0 13549
1709886427703 1.0 13599
1709886427829 1.0 13649
1709886427940 1.0 13699
1709886428047 1.0 13749
1709886428152 1.0 13799
1709886428258 1.0 13849
1709886428365 1.0 13899
1709886428476 1.0 13949
1709886428592 1.0 13999
1709886428702 1.0 14049
1709886428812 1.0 14099
1709886428926 1.0 14149
1709886429042 1.0 14199
1709886429147 1.0 14249
1709886429255 1.0 14299
1709886429366 1.0 14349
1709886429470 1.0 14399
1709886429588 1.0 14449
1709886429698 1.0 14499
1709886429807 1.0 14549
1709886429917 1.0 14599
1709886430034 1.0 14649
1709886430145 1.0 14699
1709886430252 1.0 14749
1709886430358 1.0 14799
1709886430466 1.0 14849
1709886430574 1.0 14899
1709886430684 1.0 14949
1709886430792 1.0 14999
1709886430903 1.0 15049
1709886431012 1.0 15099
1709886431121 1.0 15149
1709886431229 1.0 15199
1709886431338 1.0 15249
1709886431446 1.0 15299
1709886431554 1.0 15349
1709886431661 1.0 15399
1709886431767 1.0 15449
1709886431873 1.0 15499
1709886431977 1.0 15549
1709886432079 1.0 15599
1709886432182 1.0 15649
1709886432285 1.0 15699
1709886432391 1.0 15749
1709886432495 1.0 15799
1709886432597 1.0 15849
1709886432700 1.0 15899
1709886432803 1.0 15949
1709886432905 1.0 15999
1709886433022 1.0 16049
1709886433130 1.0 16099
1709886433236 1.0 16149
1709886433341 1.0 16199
1709886433444 1.0 16249
1709886433547 1.0 16299
1709886433655 1.0 16349
1709886433760 1.0 16399
1709886433865 1.0 16449
1709886433967 1.0 16499
1709886434074 1.0 16549
1709886434181 1.0 16599
1709886434287 1.0 16649
1709886434395 1.0 16699
1709886434503 1.0 16749
1709886434612 1.0 16799
1709886434723 1.0 16849
1709886434832 1.0 16899
1709886434936 1.0 16949
1709886435042 1.0 16999
1709886435146 1.0 17049
1709886435250 1.0 17099
1709886435355 1.0 17149
1709886435460 1.0 17199
1709886435577 1.0 17249
1709886435688 1.0 17299
1709886435796 1.0 17349
1709886435904 1.0 17399
1709886436008 1.0 17449
1709886436111 1.0 17499
1709886436217 1.0 17549
1709886436322 1.0 17599
1709886436432 1.0 17649
1709886436536 1.0 17699
1709886436639 1.0 17749
1709886436746 1.0 17799
1709886436850 1.0 17849
1709886436953 1.0 17899
1709886437056 1.0 17949
1709886437163 1.0 17999
1709886437270 1.0 18049
1709886437380 1.0 18099
1709886437487 1.0 18149
1709886437596 1.0 18199
1709886437701 1.0 18249
1709886437811 1.0 18299
1709886437917 1.0 18349
1709886438033 1.0 18399
1709886438137 1.0 18449
1709886438245 1.0 18499
1709886438352 1.0 18549
1709886438458 1.0 18599
1709886438562 1.0 18649
1709886438666 1.0 18699
1709886438770 1.0 18749
1709886438875 1.0 18799
1709886438979 1.0 18849
1709886439084 1.0 18899
1709886439190 1.0 18949
1709886439306 1.0 18999
1709886439412 1.0 19049
1709886439517 1.0 19099
1709886439623 1.0 19149
1709886439729 1.0 19199
1709886439837 1.0 19249
1709886439942 1.0 19299
1709886440049 1.0 19349
1709886440158 1.0 19399
1709886440292 1.0 19449
1709886440425 1.0 19499
1709886440533 1.0 19549
1709886440637 1.0 19599
1709886440746 1.0 19649
1709886440857 1.0 19699
1709886440977 1.0 19749
1709886441087 1.0 19799
1709886441191 1.0 19849
1709886441297 1.0 19899
1709886441401 1.0 19949
1709886441506 1.0 19999
1709886441610 1.0 20049
1709886441715 1.0 20099
1709886441825 1.0 20149
1709886441927 1.0 20199
1709886442032 1.0 20249
1709886442143 1.0 20299
1709886445568 1.0 20299
1709886445688 2.0 20349
1709886445795 2.0 20399
1709886445903 2.0 20449
1709886446010 2.0 20499
1709886446115 2.0 20549
1709886446221 2.0 20599
1709886446333 2.0 20649
1709886446442 2.0 20699
1709886446551 2.0 20749
1709886446663 2.0 20799
1709886446776 2.0 20849
1709886446880 2.0 20899
1709886446984 2.0 20949
1709886447098 2.0 20999
1709886447203 2.0 21049
1709886447309 2.0 21099
1709886447415 2.0 21149
1709886447525 2.0 21199
1709886447637 2.0 21249
1709886447750 2.0 21299
1709886447861 2.0 21349
1709886447972 2.0 21399
1709886448080 2.0 21449
1709886448192 2.0 21499
1709886448306 2.0 21549
1709886448417 2.0 21599
1709886448519 2.0 21649
1709886448623 2.0 21699
1709886448727 2.0 21749
1709886448831 2.0 21799
1709886448936 2.0 21849
1709886449044 2.0 21899
1709886449147 2.0 21949
1709886449251 2.0 21999
1709886449355 2.0 22049
1709886449466 2.0 22099
1709886449571 2.0 22149
1709886449677 2.0 22199
1709886449782 2.0 22249
1709886449889 2.0 22299
1709886450002 2.0 22349
1709886450112 2.0 22399
1709886450222 2.0 22449
1709886450334 2.0 22499
1709886450438 2.0 22549
1709886450549 2.0 22599
1709886450660 2.0 22649
1709886450773 2.0 22699
1709886450882 2.0 22749
1709886450995 2.0 22799
1709886451107 2.0 22849
1709886451217 2.0 22899
1709886451329 2.0 22949
1709886451436 2.0 22999
1709886451539 2.0 23049
1709886451643 2.0 23099
1709886451747 2.0 23149
1709886451852 2.0 23199
1709886451962 2.0 23249
1709886452076 2.0 23299
1709886452190 2.0 23349
1709886452299 2.0 23399
1709886452404 2.0 23449
1709886452512 2.0 23499
1709886452619 2.0 23549
1709886452727 2.0 23599
1709886452832 2.0 23649
1709886452937 2.0 23699
1709886453047 2.0 23749
1709886453149 2.0 23799
1709886453256 2.0 23849
1709886453365 2.0 23899
1709886453478 2.0 23949
1709886453586 2.0 23999
1709886453693 2.0 24049
1709886453802 2.0 24099
1709886453911 2.0 24149
1709886454017 2.0 24199
1709886454127 2.0 24249
1709886454229 2.0 24299
1709886454332 2.0 24349
1709886454440 2.0 24399
1709886454550 2.0 24449
1709886454657 2.0 24499
1709886454763 2.0 24549
1709886454874 2.0 24599
1709886454982 2.0 24649
1709886455084 2.0 24699
1709886455186 2.0 24749
1709886455288 2.0 24799
1709886455393 2.0 24849
1709886455509 2.0 24899
1709886455621 2.0 24949
1709886455731 2.0 24999
1709886455838 2.0 25049
1709886455949 2.0 25099
1709886456060 2.0 25149
1709886456171 2.0 25199
1709886456276 2.0 25249
1709886456382 2.0 25299
1709886456488 2.0 25349
1709886456598 2.0 25399
1709886456705 2.0 25449
1709886456814 2.0 25499
1709886456917 2.0 25549
1709886457023 2.0 25599
1709886457127 2.0 25649
1709886457232 2.0 25699
1709886457335 2.0 25749
1709886457443 2.0 25799
1709886457545 2.0 25849
1709886457651 2.0 25899
1709886457763 2.0 25949
1709886457871 2.0 25999
1709886457982 2.0 26049
1709886458093 2.0 26099
1709886458202 2.0 26149
1709886458315 2.0 26199
1709886458420 2.0 26249
1709886458523 2.0 26299
1709886458630 2.0 26349
1709886458733 2.0 26399
1709886458838 2.0 26449
1709886458942 2.0 26499
1709886459052 2.0 26549
1709886459163 2.0 26599
1709886459268 2.0 26649
1709886459379 2.0 26699
1709886459486 2.0 26749
1709886459594 2.0 26799
1709886459700 2.0 26849
1709886459805 2.0 26899
1709886459909 2.0 26949
1709886460022 2.0 26999
1709886460128 2.0 27049
1709886460235 2.0 27099
1709886460343 2.0 27149
1709886460452 2.0 27199
1709886460560 2.0 27249
1709886460667 2.0 27299
1709886460779 2.0 27349
1709886460887 2.0 27399
1709886461010 2.0 27449
1709886461117 2.0 27499
1709886461224 2.0 27549
1709886461334 2.0 27599
1709886461446 2.0 27649
1709886461553 2.0 27699
1709886461661 2.0 27749
1709886461772 2.0 27799
1709886461877 2.0 27849
1709886461980 2.0 27899
1709886462084 2.0 27949
1709886462190 2.0 27999
1709886462297 2.0 28049
1709886462400 2.0 28099
1709886462504 2.0 28149
1709886462610 2.0 28199
1709886462719 2.0 28249
1709886462825 2.0 28299
1709886462928 2.0 28349
1709886463034 2.0 28399
1709886463137 2.0 28449
1709886463248 2.0 28499
1709886463365 2.0 28549
1709886463474 2.0 28599
1709886463584 2.0 28649
1709886463693 2.0 28699
1709886463801 2.0 28749
1709886463910 2.0 28799
1709886464017 2.0 28849
1709886464124 2.0 28899
1709886464229 2.0 28949
1709886464338 2.0 28999
1709886464442 2.0 29049
1709886464556 2.0 29099
1709886464665 2.0 29149
1709886464767 2.0 29199
1709886464871 2.0 29249
1709886464977 2.0 29299
1709886465082 2.0 29349
1709886465187 2.0 29399
1709886465293 2.0 29449
1709886465401 2.0 29499
1709886465513 2.0 29549
1709886465632 2.0 29599
1709886465751 2.0 29649
1709886465859 2.0 29699
1709886465962 2.0 29749
1709886466065 2.0 29799
1709886466167 2.0 29849
1709886466271 2.0 29899
1709886466383 2.0 29949
1709886466486 2.0 29999
1709886466597 2.0 30049
1709886466704 2.0 30099
1709886466814 2.0 30149
1709886466920 2.0 30199
1709886467036 2.0 30249
1709886467151 2.0 30299
1709886467262 2.0 30349
1709886467366 2.0 30399
1709886467474 2.0 30449
1709886471033 2.0 30449
1709886471153 3.0 30499
1709886471263 3.0 30549
1709886471368 3.0 30599
1709886471473 3.0 30649
1709886471588 3.0 30699
1709886471694 3.0 30749
1709886471806 3.0 30799
1709886471917 3.0 30849
1709886472022 3.0 30899
1709886472130 3.0 30949
1709886472235 3.0 30999
1709886472338 3.0 31049
1709886472445 3.0 31099
1709886472553 3.0 31149
1709886472660 3.0 31199
1709886472776 3.0 31249
1709886472881 3.0 31299
1709886472986 3.0 31349
1709886473089 3.0 31399
1709886473197 3.0 31449
1709886473303 3.0 31499
1709886473411 3.0 31549
1709886473517 3.0 31599
1709886473621 3.0 31649
1709886473730 3.0 31699
1709886473838 3.0 31749
1709886473944 3.0 31799
1709886474047 3.0 31849
1709886474151 3.0 31899
1709886474256 3.0 31949
1709886474361 3.0 31999
1709886474465 3.0 32049
1709886474573 3.0 32099
1709886474679 3.0 32149
1709886474784 3.0 32199
1709886474890 3.0 32249
1709886474996 3.0 32299
1709886475100 3.0 32349
1709886475202 3.0 32399
1709886475307 3.0 32449
1709886475411 3.0 32499
1709886475517 3.0 32549
1709886475621 3.0 32599
1709886475729 3.0 32649
1709886475843 3.0 32699
1709886475960 3.0 32749
1709886476075 3.0 32799
1709886476209 3.0 32849
1709886476329 3.0 32899
1709886476447 3.0 32949
1709886476568 3.0 32999
1709886476693 3.0 33049
1709886476810 3.0 33099
1709886476921 3.0 33149
1709886477031 3.0 33199
1709886477137 3.0 33249
1709886477243 3.0 33299
1709886477348 3.0 33349
1709886477451 3.0 33399
1709886477555 3.0 33449
1709886477659 3.0 33499
1709886477764 3.0 33549
1709886477870 3.0 33599
1709886477977 3.0 33649
1709886478086 3.0 33699
1709886478190 3.0 33749
1709886478295 3.0 33799
1709886478406 3.0 33849
1709886478515 3.0 33899
1709886478628 3.0 33949
1709886478732 3.0 33999
1709886478836 3.0 34049
1709886478940 3.0 34099
1709886479064 3.0 34149
1709886479170 3.0 34199
1709886479276 3.0 34249
1709886479381 3.0 34299
1709886479486 3.0 34349
1709886479596 3.0 34399
1709886479705 3.0 34449
1709886479812 3.0 34499
1709886479917 3.0 34549
1709886480023 3.0 34599
1709886480140 3.0 34649
1709886480245 3.0 34699
1709886480350 3.0 34749
1709886480457 3.0 34799
1709886480562 3.0 34849
1709886480671 3.0 34899
1709886480780 3.0 34949
1709886480883 3.0 34999
1709886480987 3.0 35049
1709886481091 3.0 35099
1709886481197 3.0 35149
1709886481300 3.0 35199
1709886481404 3.0 35249
1709886481510 3.0 35299
1709886481614 3.0 35349
1709886481718 3.0 35399
1709886481826 3.0 35449
1709886481938 3.0 35499
1709886482052 3.0 35549
1709886482175 3.0 35599
1709886482295 3.0 35649
1709886482415 3.0 35699
1709886482530 3.0 35749
1709886482650 3.0 35799
1709886482787 3.0 35849
1709886482899 3.0 35899
1709886483009 3.0 35949
1709886483119 3.0 35999
1709886483229 3.0 36049
1709886483336 3.0 36099
1709886483447 3.0 36149
1709886483557 3.0 36199
1709886483663 3.0 36249
1709886483776 3.0 36299
1709886483885 3.0 36349
1709886483996 3.0 36399
1709886484104 3.0 36449
1709886484213 3.0 36499
1709886484320 3.0 36549
1709886484429 3.0 36599
1709886484539 3.0 36649
1709886484645 3.0 36699
1709886484755 3.0 36749
1709886484875 3.0 36799
1709886484991 3.0 36849
1709886485104 3.0 36899
1709886485231 3.0 36949
1709886485346 3.0 36999
1709886485453 3.0 37049
1709886485558 3.0 37099
1709886485667 3.0 37149
1709886485778 3.0 37199
1709886485879 3.0 37249
1709886485985 3.0 37299
1709886486089 3.0 37349
1709886486196 3.0 37399
1709886486301 3.0 37449
1709886486407 3.0 37499
1709886486514 3.0 37549
1709886486619 3.0 37599
1709886486725 3.0 37649
1709886486835 3.0 37699
1709886486944 3.0 37749
1709886487048 3.0 37799
1709886487165 3.0 37849
1709886487278 3.0 37899
1709886487386 3.0 37949
1709886487493 3.0 37999
1709886487597 3.0 38049
1709886487703 3.0 38099
1709886487811 3.0 38149
1709886487924 3.0 38199
1709886488037 3.0 38249
1709886488157 3.0 38299
1709886488275 3.0 38349
1709886488394 3.0 38399
1709886488508 3.0 38449
1709886488627 3.0 38499
1709886488752 3.0 38549
1709886488870 3.0 38599
1709886488977 3.0 38649
1709886489081 3.0 38699
1709886489186 3.0 38749
1709886489289 3.0 38799
1709886489394 3.0 38849
1709886489497 3.0 38899
1709886489601 3.0 38949
1709886489720 3.0 38999
1709886489825 3.0 39049
1709886489928 3.0 39099
1709886490031 3.0 39149
1709886490135 3.0 39199
1709886490246 3.0 39249
1709886490352 3.0 39299
1709886490459 3.0 39349
1709886490565 3.0 39399
1709886490670 3.0 39449
1709886490782 3.0 39499
1709886490891 3.0 39549
1709886490998 3.0 39599
1709886491103 3.0 39649
1709886491210 3.0 39699
1709886491316 3.0 39749
1709886491419 3.0 39799
1709886491527 3.0 39849
1709886491633 3.0 39899
1709886491741 3.0 39949
1709886491845 3.0 39999
1709886491949 3.0 40049
1709886492053 3.0 40099
1709886492159 3.0 40149
1709886492273 3.0 40199
1709886492378 3.0 40249
1709886492487 3.0 40299
1709886492594 3.0 40349
1709886492702 3.0 40399
1709886492809 3.0 40449
1709886492915 3.0 40499
1709886493023 3.0 40549
1709886493135 3.0 40599
1709886497527 3.0 40599
1709886497653 4.0 40649
1709886497765 4.0 40699
1709886497881 4.0 40749
1709886497999 4.0 40799
1709886498108 4.0 40849
1709886498231 4.0 40899
1709886498341 4.0 40949
1709886498449 4.0 40999
1709886498560 4.0 41049
1709886498673 4.0 41099
1709886498804 4.0 41149
1709886498960 4.0 41199
1709886499068 4.0 41249
1709886499179 4.0 41299
1709886499376 4.0 41349
1709886499600 4.0 41399
1709886499795 4.0 41449
1709886499940 4.0 41499
1709886500048 4.0 41549
1709886500158 4.0 41599
1709886500262 4.0 41649
1709886500369 4.0 41699
1709886500472 4.0 41749
1709886500577 4.0 41799
1709886500700 4.0 41849
1709886500826 4.0 41899
1709886500950 4.0 41949
1709886501067 4.0 41999
1709886501183 4.0 42049
1709886501311 4.0 42099
1709886501428 4.0 42149
1709886501546 4.0 42199
1709886501659 4.0 42249
1709886501770 4.0 42299
1709886501890 4.0 42349
1709886502002 4.0 42399
1709886502115 4.0 42449
1709886502224 4.0 42499
1709886502331 4.0 42549
1709886502439 4.0 42599
1709886502547 4.0 42649
1709886502654 4.0 42699
1709886502760 4.0 42749
1709886502866 4.0 42799
1709886502972 4.0 42849
1709886503078 4.0 42899
1709886503181 4.0 42949
1709886503288 4.0 42999
1709886503395 4.0 43049
1709886503501 4.0 43099
1709886503604 4.0 43149
1709886503709 4.0 43199
1709886503813 4.0 43249
1709886503919 4.0 43299
1709886504023 4.0 43349
1709886504129 4.0 43399
1709886504237 4.0 43449
1709886504367 4.0 43499
1709886504471 4.0 43549
1709886504582 4.0 43599
1709886504688 4.0 43649
1709886504798 4.0 43699
1709886504907 4.0 43749
1709886505012 4.0 43799
1709886505119 4.0 43849
1709886505224 4.0 43899
1709886505333 4.0 43949
1709886505437 4.0 43999
1709886505541 4.0 44049
1709886505645 4.0 44099
1709886505751 4.0 44149
1709886505855 4.0 44199
1709886505961 4.0 44249
1709886506065 4.0 44299
1709886506169 4.0 44349
1709886506274 4.0 44399
1709886506377 4.0 44449
1709886506481 4.0 44499
1709886506585 4.0 44549
1709886506694 4.0 44599
1709886506830 4.0 44649
1709886506948 4.0 44699
1709886507070 4.0 44749
1709886507196 4.0 44799
1709886507323 4.0 44849
1709886507458 4.0 44899
1709886507579 4.0 44949
1709886507692 4.0 44999
1709886507796 4.0 45049
1709886507899 4.0 45099
1709886508003 4.0 45149
1709886508109 4.0 45199
1709886508213 4.0 45249
1709886508319 4.0 45299
1709886508426 4.0 45349
1709886508533 4.0 45399
1709886508636 4.0 45449
1709886508741 4.0 45499
1709886508846 4.0 45549
1709886508952 4.0 45599
1709886509055 4.0 45649
1709886509157 4.0 45699
1709886509260 4.0 45749
1709886509367 4.0 45799
1709886509475 4.0 45849
1709886509578 4.0 45899
1709886509694 4.0 45949
1709886509802 4.0 45999
1709886509910 4.0 46049
1709886510018 4.0 46099
1709886510124 4.0 46149
1709886510230 4.0 46199
1709886510337 4.0 46249
1709886510448 4.0 46299
1709886510557 4.0 46349
1709886510667 4.0 46399
1709886510782 4.0 46449
1709886510888 4.0 46499
1709886510994 4.0 46549
1709886511102 4.0 46599
1709886511208 4.0 46649
1709886511313 4.0 46699
1709886511419 4.0 46749
1709886511529 4.0 46799
1709886511635 4.0 46849
1709886511738 4.0 46899
1709886511845 4.0 46949
1709886511950 4.0 46999
1709886512057 4.0 47049
1709886512164 4.0 47099
1709886512272 4.0 47149
1709886512394 4.0 47199
1709886512508 4.0 47249
1709886512623 4.0 47299
1709886512734 4.0 47349
1709886512856 4.0 47399
1709886512977 4.0 47449
1709886513096 4.0 47499
1709886513215 4.0 47549
1709886513333 4.0 47599
1709886513452 4.0 47649
1709886513590 4.0 47699
1709886513706 4.0 47749
1709886513815 4.0 47799
1709886513920 4.0 47849
1709886514025 4.0 47899
1709886514131 4.0 47949
1709886514237 4.0 47999
1709886514343 4.0 48049
1709886514452 4.0 48099
1709886514562 4.0 48149
1709886514669 4.0 48199
1709886514776 4.0 48249
1709886514880 4.0 48299
1709886514987 4.0 48349
1709886515097 4.0 48399
1709886515205 4.0 48449
1709886515311 4.0 48499
1709886515421 4.0 48549
1709886515535 4.0 48599
1709886515646 4.0 48649
1709886515758 4.0 48699
1709886515889 4.0 48749
1709886516004 4.0 48799
1709886516121 4.0 48849
1709886516231 4.0 48899
1709886516337 4.0 48949
1709886516446 4.0 48999
1709886516553 4.0 49049
1709886516662 4.0 49099
1709886516773 4.0 49149
1709886516879 4.0 49199
1709886516985 4.0 49249
1709886517092 4.0 49299
1709886517198 4.0 49349
1709886517312 4.0 49399
1709886517425 4.0 49449
1709886517531 4.0 49499
1709886517642 4.0 49549
1709886517746 4.0 49599
1709886517850 4.0 49649
1709886517960 4.0 49699
1709886518077 4.0 49749
1709886518181 4.0 49799
1709886518286 4.0 49849
1709886518392 4.0 49899
1709886518503 4.0 49949
1709886518614 4.0 49999
1709886518722 4.0 50049
1709886518837 4.0 50099
1709886518957 4.0 50149
1709886519080 4.0 50199
1709886519200 4.0 50249
1709886519317 4.0 50299
1709886519434 4.0 50349
1709886519550 4.0 50399
1709886519671 4.0 50449
1709886519787 4.0 50499
1709886519894 4.0 50549
1709886519998 4.0 50599
1709886520105 4.0 50649
1709886520237 4.0 50699
1709886520350 4.0 50749
1709886523872 4.0 50749
1709886523988 5.0 50799
1709886524095 5.0 50849
1709886524199 5.0 50899
1709886524306 5.0 50949
1709886524421 5.0 50999
1709886524531 5.0 51049
1709886524639 5.0 51099
1709886524748 5.0 51149
1709886524858 5.0 51199
1709886524980 5.0 51249
1709886525104 5.0 51299
1709886525254 5.0 51349
1709886525377 5.0 51399
1709886525496 5.0 51449
1709886525615 5.0 51499
1709886525743 5.0 51549
1709886525870 5.0 51599
1709886525979 5.0 51649
1709886526085 5.0 51699
1709886526191 5.0 51749
1709886526297 5.0 51799
1709886526404 5.0 51849
1709886526512 5.0 51899
1709886526619 5.0 51949
1709886526725 5.0 51999
1709886526835 5.0 52049
1709886526943 5.0 52099
1709886527049 5.0 52149
1709886527158 5.0 52199
1709886527265 5.0 52249
1709886527375 5.0 52299
1709886527488 5.0 52349
1709886527596 5.0 52399
1709886527703 5.0 52449
1709886527807 5.0 52499
1709886527919 5.0 52549
1709886528030 5.0 52599
1709886528141 5.0 52649
1709886528249 5.0 52699
1709886528356 5.0 52749
1709886528461 5.0 52799
1709886528566 5.0 52849
1709886528671 5.0 52899
1709886528779 5.0 52949
1709886528886 5.0 52999
1709886529006 5.0 53049
1709886529116 5.0 53099
1709886529226 5.0 53149
1709886529339 5.0 53199
1709886529447 5.0 53249
1709886529555 5.0 53299
1709886529661 5.0 53349
1709886529769 5.0 53399
1709886529877 5.0 53449
1709886529986 5.0 53499
1709886530093 5.0 53549
1709886530198 5.0 53599
1709886530303 5.0 53649
1709886530407 5.0 53699
1709886530511 5.0 53749
1709886530615 5.0 53799
1709886530721 5.0 53849
1709886530827 5.0 53899
1709886530933 5.0 53949
1709886531052 5.0 53999
1709886531168 5.0 54049
1709886531288 5.0 54099
1709886531405 5.0 54149
1709886531527 5.0 54199
1709886531652 5.0 54249
1709886531774 5.0 54299
1709886531893 5.0 54349
1709886532001 5.0 54399
1709886532105 5.0 54449
1709886533317 5.0 54499
1709886533433 5.0 54549
1709886533546 5.0 54599
1709886533651 5.0 54649
1709886533756 5.0 54699
1709886533862 5.0 54749
1709886533966 5.0 54799
1709886534072 5.0 54849
1709886534176 5.0 54899
1709886534288 5.0 54949
1709886534398 5.0 54999
1709886534508 5.0 55049
1709886534614 5.0 55099
1709886534724 5.0 55149
1709886534831 5.0 55199
1709886534938 5.0 55249
1709886535044 5.0 55299
1709886535150 5.0 55349
1709886535255 5.0 55399
1709886535365 5.0 55449
1709886535484 5.0 55499
1709886535594 5.0 55549
1709886535703 5.0 55599
1709886535814 5.0 55649
1709886535920 5.0 55699
1709886536032 5.0 55749
1709886536137 5.0 55799
1709886536249 5.0 55849
1709886536354 5.0 55899
1709886536463 5.0 55949
1709886536569 5.0 55999
1709886536676 5.0 56049
1709886536789 5.0 56099
1709886536898 5.0 56149
1709886537007 5.0 56199
1709886537113 5.0 56249
1709886537218 5.0 56299
1709886537339 5.0 56349
1709886537461 5.0 56399
1709886537567 5.0 56449
1709886537687 5.0 56499
1709886537798 5.0 56549
1709886537905 5.0 56599
1709886538011 5.0 56649
1709886538120 5.0 56699
1709886538234 5.0 56749
1709886538353 5.0 56799
1709886538472 5.0 56849
1709886538589 5.0 56899
1709886538707 5.0 56949
1709886538830 5.0 56999
1709886538950 5.0 57049
1709886539061 5.0 57099
1709886539181 5.0 57149
1709886539320 5.0 57199
1709886539429 5.0 57249
1709886539534 5.0 57299
1709886539651 5.0 57349
1709886539807 5.0 57399
1709886539940 5.0 57449
1709886540046 5.0 57499
1709886540153 5.0 57549
1709886540259 5.0 57599
1709886540370 5.0 57649
1709886540481 5.0 57699
1709886540590 5.0 57749
1709886540700 5.0 57799
1709886540811 5.0 57849
1709886540919 5.0 57899
1709886541027 5.0 57949
1709886541131 5.0 57999
1709886541233 5.0 58049
1709886541336 5.0 58099
1709886541447 5.0 58149
1709886541556 5.0 58199
1709886542218 5.0 58249
1709886542323 5.0 58299
1709886542432 5.0 58349
1709886542641 5.0 58399
1709886542837 5.0 58449
1709886543049 5.0 58499
1709886543195 5.0 58549
1709886543302 5.0 58599
1709886543409 5.0 58649
1709886543516 5.0 58699
1709886543624 5.0 58749
1709886543735 5.0 58799
1709886543842 5.0 58849
1709886543949 5.0 58899
1709886544060 5.0 58949
1709886544165 5.0 58999
1709886544276 5.0 59049
1709886544383 5.0 59099
1709886544490 5.0 59149
1709886544596 5.0 59199
1709886544700 5.0 59249
1709886544802 5.0 59299
1709886544907 5.0 59349
1709886545012 5.0 59399
1709886545117 5.0 59449
1709886545222 5.0 59499
1709886545366 5.0 59549
1709886545479 5.0 59599
1709886545586 5.0 59649
1709886545703 5.0 59699
1709886545815 5.0 59749
1709886545921 5.0 59799
1709886546027 5.0 59849
1709886546133 5.0 59899
1709886546237 5.0 59949
1709886546350 5.0 59999
1709886546463 5.0 60049
1709886546572 5.0 60099
1709886546682 5.0 60149
1709886546793 5.0 60199
1709886546903 5.0 60249
1709886547052 5.0 60299
1709886547164 5.0 60349
1709886547279 5.0 60399
1709886547396 5.0 60449
1709886547512 5.0 60499
1709886547651 5.0 60549
1709886547770 5.0 60599
1709886547892 5.0 60649
1709886548009 5.0 60699
1709886548138 5.0 60749
1709886548254 5.0 60799
1709886548364 5.0 60849
1709886548475 5.0 60899
1709886551971 5.0 60899
1709886552090 6.0 60949
1709886552199 6.0 60999
1709886552304 6.0 61049
1709886552414 6.0 61099
1709886552520 6.0 61149
1709886552629 6.0 61199
1709886552737 6.0 61249
1709886552853 6.0 61299
1709886552962 6.0 61349
1709886553071 6.0 61399
1709886553179 6.0 61449
1709886553296 6.0 61499
1709886553416 6.0 61549
1709886553538 6.0 61599
1709886553664 6.0 61649
1709886553793 6.0 61699
1709886553918 6.0 61749
1709886554036 6.0 61799
1709886554163 6.0 61849
1709886554286 6.0 61899
1709886554395 6.0 61949
1709886554503 6.0 61999
1709886554608 6.0 62049
1709886554714 6.0 62099
1709886554826 6.0 62149
1709886554955 6.0 62199
1709886555071 6.0 62249
1709886555179 6.0 62299
1709886555291 6.0 62349
1709886555399 6.0 62399
1709886555507 6.0 62449
1709886555615 6.0 62499
1709886555725 6.0 62549
1709886555832 6.0 62599
1709886555959 6.0 62649
1709886556074 6.0 62699
1709886556186 6.0 62749
1709886556298 6.0 62799
1709886556407 6.0 62849
1709886556520 6.0 62899
1709886556640 6.0 62949
1709886556749 6.0 62999
1709886556856 6.0 63049
1709886556961 6.0 63099
1709886557066 6.0 63149
1709886557184 6.0 63199
1709886557293 6.0 63249
1709886557402 6.0 63299
1709886557525 6.0 63349
1709886557630 6.0 63399
1709886557738 6.0 63449
1709886557845 6.0 63499
1709886557951 6.0 63549
1709886558055 6.0 63599
1709886558161 6.0 63649
1709886558266 6.0 63699
1709886558372 6.0 63749
1709886558485 6.0 63799
1709886558600 6.0 63849
1709886558717 6.0 63899
1709886558831 6.0 63949
1709886558941 6.0 63999
1709886559046 6.0 64049
1709886559153 6.0 64099
1709886559260 6.0 64149
1709886559366 6.0 64199
1709886559493 6.0 64249
1709886559603 6.0 64299
1709886559716 6.0 64349
1709886559844 6.0 64399
1709886559984 6.0 64449
1709886560119 6.0 64499
1709886560232 6.0 64549
1709886560342 6.0 64599
1709886560455 6.0 64649
1709886560568 6.0 64699
1709886560686 6.0 64749
1709886560799 6.0 64799
1709886560906 6.0 64849
1709886561011 6.0 64899
1709886561115 6.0 64949
1709886561218 6.0 64999
1709886561323 6.0 65049
1709886561429 6.0 65099
1709886561534 6.0 65149
1709886561638 6.0 65199
1709886561747 6.0 65249
1709886561854 6.0 65299
1709886561963 6.0 65349
1709886562072 6.0 65399
1709886562177 6.0 65449
1709886562301 6.0 65499
1709886562408 6.0 65549
1709886562514 6.0 65599
1709886562625 6.0 65649
1709886562731 6.0 65699
1709886562836 6.0 65749
1709886562950 6.0 65799
1709886563057 6.0 65849
1709886563160 6.0 65899
1709886563263 6.0 65949
1709886563365 6.0 65999
1709886563474 6.0 66049
1709886563580 6.0 66099
1709886563691 6.0 66149
1709886563800 6.0 66199
1709886563910 6.0 66249
1709886564021 6.0 66299
1709886564132 6.0 66349
1709886564245 6.0 66399
1709886564354 6.0 66449
1709886564465 6.0 66499
1709886564575 6.0 66549
1709886564688 6.0 66599
1709886564798 6.0 66649
1709886564905 6.0 66699
1709886565012 6.0 66749
1709886565118 6.0 66799
1709886565229 6.0 66849
1709886565335 6.0 66899
1709886565440 6.0 66949
1709886565545 6.0 66999
1709886565660 6.0 67049
1709886565776 6.0 67099
1709886565881 6.0 67149
1709886565984 6.0 67199
1709886566089 6.0 67249
1709886566196 6.0 67299
1709886566307 6.0 67349
1709886566420 6.0 67399
1709886566531 6.0 67449
1709886566639 6.0 67499
1709886566747 6.0 67549
1709886566856 6.0 67599
1709886566963 6.0 67649
1709886567069 6.0 67699
1709886567180 6.0 67749
1709886567285 6.0 67799
1709886567392 6.0 67849
1709886567502 6.0 67899
1709886567613 6.0 67949
1709886567724 6.0 67999
1709886567831 6.0 68049
1709886567935 6.0 68099
1709886568042 6.0 68149
1709886568146 6.0 68199
1709886568251 6.0 68249
1709886568354 6.0 68299
1709886568456 6.0 68349
1709886568560 6.0 68399
1709886568665 6.0 68449
1709886568788 6.0 68499
1709886568894 6.0 68549
1709886568999 6.0 68599
1709886569106 6.0 68649
1709886569210 6.0 68699
1709886569311 6.0 68749
1709886569415 6.0 68799
1709886569521 6.0 68849
1709886569625 6.0 68899
1709886569729 6.0 68949
1709886569831 6.0 68999
1709886569936 6.0 69049
1709886570041 6.0 69099
1709886570143 6.0 69149
1709886570245 6.0 69199
1709886570349 6.0 69249
1709886570475 6.0 69299
1709886570582 6.0 69349
1709886570687 6.0 69399
1709886570795 6.0 69449
1709886570899 6.0 69499
1709886571000 6.0 69549
1709886571103 6.0 69599
1709886571206 6.0 69649
1709886571311 6.0 69699
1709886571415 6.0 69749
1709886571519 6.0 69799
1709886571629 6.0 69849
1709886571737 6.0 69899
1709886571852 6.0 69949
1709886571960 6.0 69999
1709886572065 6.0 70049
1709886572174 6.0 70099
1709886572285 6.0 70149
1709886572394 6.0 70199
1709886572498 6.0 70249
1709886572608 6.0 70299
1709886572722 6.0 70349
1709886572829 6.0 70399
1709886572951 6.0 70449
1709886573056 6.0 70499
1709886573163 6.0 70549
1709886573269 6.0 70599
1709886573377 6.0 70649
1709886573485 6.0 70699
1709886573593 6.0 70749
1709886573696 6.0 70799
1709886573801 6.0 70849
1709886573907 6.0 70899
1709886574014 6.0 70949
1709886574121 6.0 70999
1709886574244 6.0 71049
1709886577677 6.0 71049
1709886577797 7.0 71099
1709886577903 7.0 71149
1709886578010 7.0 71199
1709886578115 7.0 71249
1709886578221 7.0 71299
1709886578329 7.0 71349
1709886578435 7.0 71399
1709886578542 7.0 71449
1709886578650 7.0 71499
1709886578756 7.0 71549
1709886578862 7.0 71599
1709886578970 7.0 71649
1709886579078 7.0 71699
1709886579180 7.0 71749
1709886579283 7.0 71799
1709886579385 7.0 71849
1709886579489 7.0 71899
1709886579597 7.0 71949
1709886579703 7.0 71999
1709886579811 7.0 72049
1709886579916 7.0 72099
1709886580022 7.0 72149
1709886580128 7.0 72199
1709886580235 7.0 72249
1709886580338 7.0 72299
1709886580443 7.0 72349
1709886580546 7.0 72399
1709886580650 7.0 72449
1709886580757 7.0 72499
1709886580862 7.0 72549
1709886580982 7.0 72599
1709886581095 7.0 72649
1709886581201 7.0 72699
1709886581317 7.0 72749
1709886581430 7.0 72799
1709886581541 7.0 72849
1709886581651 7.0 72899
1709886581764 7.0 72949
1709886581872 7.0 72999
1709886581982 7.0 73049
1709886582091 7.0 73099
1709886582203 7.0 73149
1709886582321 7.0 73199
1709886582432 7.0 73249
1709886582539 7.0 73299
1709886582645 7.0 73349
1709886582751 7.0 73399
1709886582857 7.0 73449
1709886582962 7.0 73499
1709886583067 7.0 73549
1709886583178 7.0 73599
1709886583289 7.0 73649
1709886583399 7.0 73699
1709886583508 7.0 73749
1709886583620 7.0 73799
1709886583726 7.0 73849
1709886583830 7.0 73899
1709886583936 7.0 73949
1709886584043 7.0 73999
1709886584146 7.0 74049
1709886584253 7.0 74099
1709886584364 7.0 74149
1709886584471 7.0 74199
1709886584580 7.0 74249
1709886584687 7.0 74299
1709886584795 7.0 74349
1709886584907 7.0 74399
1709886585014 7.0 74449
1709886585118 7.0 74499
1709886585224 7.0 74549
1709886585328 7.0 74599
1709886585433 7.0 74649
1709886585543 7.0 74699
1709886585650 7.0 74749
1709886585760 7.0 74799
1709886585864 7.0 74849
1709886585969 7.0 74899
1709886586090 7.0 74949
1709886586195 7.0 74999
1709886586302 7.0 75049
1709886586410 7.0 75099
1709886586516 7.0 75149
1709886586623 7.0 75199
1709886586736 7.0 75249
1709886586845 7.0 75299
1709886586953 7.0 75349
1709886587060 7.0 75399
1709886587167 7.0 75449
1709886587278 7.0 75499
1709886587385 7.0 75549
1709886587495 7.0 75599
1709886587604 7.0 75649
1709886587716 7.0 75699
1709886587827 7.0 75749
1709886587934 7.0 75799
1709886588038 7.0 75849
1709886588146 7.0 75899
1709886588252 7.0 75949
1709886588359 7.0 75999
1709886588464 7.0 76049
1709886588571 7.0 76099
1709886588676 7.0 76149
1709886588787 7.0 76199
1709886588894 7.0 76249
1709886589001 7.0 76299
1709886589123 7.0 76349
1709886589238 7.0 76399
1709886589348 7.0 76449
1709886589456 7.0 76499
1709886589567 7.0 76549
1709886589673 7.0 76599
1709886589782 7.0 76649
1709886589889 7.0 76699
1709886589998 7.0 76749
1709886590105 7.0 76799
1709886590212 7.0 76849
1709886590316 7.0 76899
1709886590420 7.0 76949
1709886590529 7.0 76999
1709886590635 7.0 77049
1709886590745 7.0 77099
1709886590850 7.0 77149
1709886590953 7.0 77199
1709886591058 7.0 77249
1709886591164 7.0 77299
1709886591270 7.0 77349
1709886591380 7.0 77399
1709886591487 7.0 77449
1709886591591 7.0 77499
1709886591698 7.0 77549
1709886591804 7.0 77599
1709886591907 7.0 77649
1709886592013 7.0 77699
1709886592125 7.0 77749
1709886592231 7.0 77799
1709886592340 7.0 77849
1709886592447 7.0 77899
1709886592560 7.0 77949
1709886592671 7.0 77999
1709886592779 7.0 78049
1709886592885 7.0 78099
1709886592993 7.0 78149
1709886593104 7.0 78199
1709886593213 7.0 78249
1709886593320 7.0 78299
1709886593427 7.0 78349
1709886593533 7.0 78399
1709886593642 7.0 78449
1709886593753 7.0 78499
1709886593862 7.0 78549
1709886593968 7.0 78599
1709886594074 7.0 78649
1709886594195 7.0 78699
1709886594311 7.0 78749
1709886594423 7.0 78799
1709886594531 7.0 78849
1709886594635 7.0 78899
1709886594740 7.0 78949
1709886594848 7.0 78999
1709886594952 7.0 79049
1709886595056 7.0 79099
1709886595168 7.0 79149
1709886595283 7.0 79199
1709886595398 7.0 79249
1709886595511 7.0 79299
1709886595618 7.0 79349
1709886595726 7.0 79399
1709886595833 7.0 79449
1709886595941 7.0 79499
1709886596052 7.0 79549
1709886596160 7.0 79599
1709886596268 7.0 79649
1709886596373 7.0 79699
1709886596480 7.0 79749
1709886596585 7.0 79799
1709886596691 7.0 79849
1709886596797 7.0 79899
1709886596904 7.0 79949
1709886597017 7.0 79999
1709886597161 7.0 80049
1709886597284 7.0 80099
1709886597406 7.0 80149
1709886597535 7.0 80199
1709886597657 7.0 80249
1709886597780 7.0 80299
1709886597900 7.0 80349
1709886598020 7.0 80399
1709886598136 7.0 80449
1709886598241 7.0 80499
1709886598349 7.0 80549
1709886598459 7.0 80599
1709886598563 7.0 80649
1709886598668 7.0 80699
1709886598774 7.0 80749
1709886598880 7.0 80799
1709886598983 7.0 80849
1709886599086 7.0 80899
1709886599190 7.0 80949
1709886599295 7.0 80999
1709886599404 7.0 81049
1709886599537 7.0 81099
1709886599647 7.0 81149
1709886599763 7.0 81199
1709886603289 7.0 81199
1709886603426 8.0 81249
1709886603547 8.0 81299
1709886603687 8.0 81349
1709886603807 8.0 81399
1709886603930 8.0 81449
1709886604050 8.0 81499
1709886604167 8.0 81549
1709886604275 8.0 81599
1709886604382 8.0 81649
1709886604498 8.0 81699
1709886604602 8.0 81749
1709886604707 8.0 81799
1709886604809 8.0 81849
1709886604909 8.0 81899
1709886605011 8.0 81949
1709886605114 8.0 81999
1709886605226 8.0 82049
1709886605331 8.0 82099
1709886605438 8.0 82149
1709886605549 8.0 82199
1709886605664 8.0 82249
1709886605773 8.0 82299
1709886605882 8.0 82349
1709886605988 8.0 82399
1709886606100 8.0 82449
1709886606208 8.0 82499
1709886606314 8.0 82549
1709886606423 8.0 82599
1709886606527 8.0 82649
1709886606631 8.0 82699
1709886606743 8.0 82749
1709886606852 8.0 82799
1709886606956 8.0 82849
1709886607060 8.0 82899
1709886607166 8.0 82949
1709886607271 8.0 82999
1709886607379 8.0 83049
1709886607484 8.0 83099
1709886607587 8.0 83149
1709886607694 8.0 83199
1709886607802 8.0 83249
1709886607906 8.0 83299
1709886608013 8.0 83349
1709886608114 8.0 83399
1709886608219 8.0 83449
1709886608324 8.0 83499
1709886608429 8.0 83549
1709886608534 8.0 83599
1709886608638 8.0 83649
1709886608759 8.0 83699
1709886608865 8.0 83749
1709886608976 8.0 83799
1709886609088 8.0 83849
1709886609195 8.0 83899
1709886609300 8.0 83949
1709886609417 8.0 83999
1709886609519 8.0 84049
1709886609622 8.0 84099
1709886609727 8.0 84149
1709886609834 8.0 84199
1709886609938 8.0 84249
1709886610041 8.0 84299
1709886610146 8.0 84349
1709886610250 8.0 84399
1709886610354 8.0 84449
1709886610462 8.0 84499
1709886610566 8.0 84549
1709886610672 8.0 84599
1709886610785 8.0 84649
1709886610895 8.0 84699
1709886611012 8.0 84749
1709886611120 8.0 84799
1709886611226 8.0 84849
1709886611343 8.0 84899
1709886611448 8.0 84949
1709886611576 8.0 84999
1709886611683 8.0 85049
1709886611797 8.0 85099
1709886611906 8.0 85149
1709886612015 8.0 85199
1709886612121 8.0 85249
1709886612225 8.0 85299
1709886612327 8.0 85349
1709886612431 8.0 85399
1709886612541 8.0 85449
1709886612646 8.0 85499
1709886612751 8.0 85549
1709886612855 8.0 85599
1709886612959 8.0 85649
1709886613063 8.0 85699
1709886613168 8.0 85749
1709886613273 8.0 85799
1709886613379 8.0 85849
1709886613484 8.0 85899
1709886613590 8.0 85949
1709886613692 8.0 85999
1709886613797 8.0 86049
1709886613904 8.0 86099
1709886614018 8.0 86149
1709886614123 8.0 86199
1709886614229 8.0 86249
1709886614331 8.0 86299
1709886614436 8.0 86349
1709886614546 8.0 86399
1709886614650 8.0 86449
1709886614753 8.0 86499
1709886614856 8.0 86549
1709886614961 8.0 86599
1709886615065 8.0 86649
1709886615167 8.0 86699
1709886615275 8.0 86749
1709886615381 8.0 86799
1709886615484 8.0 86849
1709886615589 8.0 86899
1709886615697 8.0 86949
1709886615803 8.0 86999
1709886615932 8.0 87049
1709886616035 8.0 87099
1709886616142 8.0 87149
1709886616245 8.0 87199
1709886616349 8.0 87249
1709886616455 8.0 87299
1709886616561 8.0 87349
1709886616666 8.0 87399
1709886616773 8.0 87449
1709886616880 8.0 87499
1709886616986 8.0 87549
1709886617092 8.0 87599
1709886617217 8.0 87649
1709886617337 8.0 87699
1709886617448 8.0 87749
1709886617561 8.0 87799
1709886617675 8.0 87849
1709886617786 8.0 87899
1709886617891 8.0 87949
1709886618000 8.0 87999
1709886618106 8.0 88049
1709886618214 8.0 88099
1709886618319 8.0 88149
1709886618428 8.0 88199
1709886618537 8.0 88249
1709886618646 8.0 88299
1709886618757 8.0 88349
1709886618868 8.0 88399
1709886618993 8.0 88449
1709886619101 8.0 88499
1709886619208 8.0 88549
1709886619313 8.0 88599
1709886619417 8.0 88649
1709886619519 8.0 88699
1709886619621 8.0 88749
1709886619728 8.0 88799
1709886619834 8.0 88849
1709886619939 8.0 88899
1709886620047 8.0 88949
1709886620150 8.0 88999
1709886620256 8.0 89049
1709886620360 8.0 89099
1709886620466 8.0 89149
1709886620571 8.0 89199
1709886620675 8.0 89249
1709886620784 8.0 89299
1709886620887 8.0 89349
1709886620994 8.0 89399
1709886621099 8.0 89449
1709886621203 8.0 89499
1709886621306 8.0 89549
1709886621414 8.0 89599
1709886621517 8.0 89649
1709886621621 8.0 89699
1709886621726 8.0 89749
1709886621832 8.0 89799
1709886621937 8.0 89849
1709886622044 8.0 89899
1709886622149 8.0 89949
1709886622252 8.0 89999
1709886622356 8.0 90049
1709886622462 8.0 90099
1709886622567 8.0 90149
1709886622669 8.0 90199
1709886622788 8.0 90249
1709886622897 8.0 90299
1709886623003 8.0 90349
1709886623111 8.0 90399
1709886623217 8.0 90449
1709886623325 8.0 90499
1709886623429 8.0 90549
1709886623533 8.0 90599
1709886623641 8.0 90649
1709886623750 8.0 90699
1709886623860 8.0 90749
1709886623965 8.0 90799
1709886624070 8.0 90849
1709886624176 8.0 90899
1709886624282 8.0 90949
1709886624389 8.0 90999
1709886624493 8.0 91049
1709886624601 8.0 91099
1709886624708 8.0 91149
1709886624814 8.0 91199
1709886624918 8.0 91249
1709886625025 8.0 91299
1709886625131 8.0 91349
1709886629089 8.0 91349
1709886629207 9.0 91399
1709886629309 9.0 91449
1709886629412 9.0 91499
1709886629522 9.0 91549
1709886629632 9.0 91599
1709886629740 9.0 91649
1709886629849 9.0 91699
1709886629957 9.0 91749
1709886630064 9.0 91799
1709886630168 9.0 91849
1709886630274 9.0 91899
1709886630377 9.0 91949
1709886630479 9.0 91999
1709886630585 9.0 92049
1709886630691 9.0 92099
1709886630802 9.0 92149
1709886630913 9.0 92199
1709886631020 9.0 92249
1709886631149 9.0 92299
1709886631257 9.0 92349
1709886631366 9.0 92399
1709886631474 9.0 92449
1709886631578 9.0 92499
1709886631684 9.0 92549
1709886631795 9.0 92599
1709886631903 9.0 92649
1709886632011 9.0 92699
1709886632115 9.0 92749
1709886632217 9.0 92799
1709886632322 9.0 92849
1709886632429 9.0 92899
1709886632535 9.0 92949
1709886632640 9.0 92999
1709886632762 9.0 93049
1709886632882 9.0 93099
1709886632996 9.0 93149
1709886633101 9.0 93199
1709886633205 9.0 93249
1709886633312 9.0 93299
1709886633416 9.0 93349
1709886633520 9.0 93399
1709886633637 9.0 93449
1709886633751 9.0 93499
1709886633861 9.0 93549
1709886633984 9.0 93599
1709886634100 9.0 93649
1709886634210 9.0 93699
1709886634313 9.0 93749
1709886634422 9.0 93799
1709886634533 9.0 93849
1709886634638 9.0 93899
1709886634753 9.0 93949
1709886634861 9.0 93999
1709886634966 9.0 94049
1709886635073 9.0 94099
1709886635184 9.0 94149
1709886635288 9.0 94199
1709886635397 9.0 94249
1709886635504 9.0 94299
1709886635608 9.0 94349
1709886635719 9.0 94399
1709886635828 9.0 94449
1709886635936 9.0 94499
1709886636043 9.0 94549
1709886636153 9.0 94599
1709886636260 9.0 94649
1709886636368 9.0 94699
1709886636474 9.0 94749
1709886636575 9.0 94799
1709886636676 9.0 94849
1709886636781 9.0 94899
1709886636882 9.0 94949
1709886636983 9.0 94999
1709886637084 9.0 95049
1709886637184 9.0 95099
1709886637286 9.0 95149
1709886637389 9.0 95199
1709886637495 9.0 95249
1709886637601 9.0 95299
1709886637710 9.0 95349
1709886637818 9.0 95399
1709886637928 9.0 95449
1709886638042 9.0 95499
1709886638147 9.0 95549
1709886638253 9.0 95599
1709886638359 9.0 95649
1709886638469 9.0 95699
1709886638575 9.0 95749
1709886638692 9.0 95799
1709886638801 9.0 95849
1709886638922 9.0 95899
1709886639037 9.0 95949
1709886639145 9.0 95999
1709886639250 9.0 96049
1709886639353 9.0 96099
1709886639458 9.0 96149
1709886639563 9.0 96199
1709886639667 9.0 96249
1709886639768 9.0 96299
1709886639871 9.0 96349
1709886639976 9.0 96399
1709886640082 9.0 96449
1709886640189 9.0 96499
1709886640298 9.0 96549
1709886640404 9.0 96599
1709886640515 9.0 96649
1709886640620 9.0 96699
1709886640727 9.0 96749
1709886640834 9.0 96799
1709886640940 9.0 96849
1709886641046 9.0 96899
1709886641151 9.0 96949
1709886641253 9.0 96999
1709886641358 9.0 97049
1709886641464 9.0 97099
1709886641582 9.0 97149
1709886641686 9.0 97199
1709886641795 9.0 97249
1709886641897 9.0 97299
1709886642005 9.0 97349
1709886642114 9.0 97399
1709886642220 9.0 97449
1709886642329 9.0 97499
1709886642434 9.0 97549
1709886642545 9.0 97599
1709886642655 9.0 97649
1709886642762 9.0 97699
1709886642866 9.0 97749
1709886642968 9.0 97799
1709886643070 9.0 97849
1709886643175 9.0 97899
1709886643275 9.0 97949
1709886643380 9.0 97999
1709886643483 9.0 98049
1709886643587 9.0 98099
1709886643691 9.0 98149
1709886643796 9.0 98199
1709886643900 9.0 98249
1709886644005 9.0 98299
1709886644108 9.0 98349
1709886644226 9.0 98399
1709886644330 9.0 98449
1709886644434 9.0 98499
1709886644538 9.0 98549
1709886644646 9.0 98599
1709886644751 9.0 98649
1709886644856 9.0 98699
1709886644964 9.0 98749
1709886645072 9.0 98799
1709886645183 9.0 98849
1709886645293 9.0 98899
1709886645411 9.0 98949
1709886645520 9.0 98999
1709886645625 9.0 99049
1709886645732 9.0 99099
1709886645836 9.0 99149
1709886645940 9.0 99199
1709886646043 9.0 99249
1709886646146 9.0 99299
1709886646253 9.0 99349
1709886646358 9.0 99399
1709886646467 9.0 99449
1709886646571 9.0 99499
1709886646690 9.0 99549
1709886646797 9.0 99599
1709886646902 9.0 99649
1709886647008 9.0 99699
1709886647113 9.0 99749
1709886647217 9.0 99799
1709886647321 9.0 99849
1709886647426 9.0 99899
1709886647532 9.0 99949
1709886647636 9.0 99999
1709886647740 9.0 100049
1709886647846 9.0 100099
1709886647950 9.0 100149
1709886648057 9.0 100199
1709886648168 9.0 100249
1709886648277 9.0 100299
1709886648384 9.0 100349
1709886648503 9.0 100399
1709886648608 9.0 100449
1709886648717 9.0 100499
1709886648823 9.0 100549
1709886648927 9.0 100599
1709886649030 9.0 100649
1709886649135 9.0 100699
1709886649238 9.0 100749
1709886649345 9.0 100799
1709886649455 9.0 100849
1709886649564 9.0 100899
1709886649687 9.0 100949
1709886649794 9.0 100999
1709886649909 9.0 101049
1709886650019 9.0 101099
1709886650122 9.0 101149
1709886650226 9.0 101199
1709886650331 9.0 101249
1709886650434 9.0 101299
1709886650536 9.0 101349
1709886650638 9.0 101399
1709886650744 9.0 101449
1709886650854 9.0 101499
1709886654407 9.0 101499
