1709886394265 3.0421786308288574 49
1709886394377 3.3216712474823 99
1709886394578 3.1450424194335938 149
1709886394778 3.1414268016815186 199
1709886394960 3.2667553424835205 249
1709886395100 3.271141290664673 299
1709886395205 3.206498861312866 349
1709886395313 3.32654070854187 399
1709886395421 3.2667620182037354 449
1709886395528 3.2667620182037354 499
1709886395635 3.2667620182037354 549
1709886395744 3.3292620182037354 599
1709886395849 3.2667620182037354 649
1709886395954 3.2042620182037354 699
1709886396058 3.329256296157837 749
1709886396164 3.2667620182037354 799
1709886396267 3.2667438983917236 849
1709886396370 3.2667620182037354 899
1709886396477 3.1417620182037354 949
1709886396583 3.1417620182037354 999
1709886396688 3.3292620182037354 1049
1709886396799 3.3917620182037354 1099
1709886396907 3.2665648460388184 1149
1709886397013 3.2042620182037354 1199
1709886397118 3.2667620182037354 1249
1709886397225 3.3917620182037354 1299
1709886397334 3.328382968902588 1349
1709886397444 3.2042620182037354 1399
1709886397564 3.266587257385254 1449
1709886397690 3.3292617797851562 1499
1709886397815 3.3292620182037354 1549
1709886397950 3.3917620182037354 1599
1709886398073 3.3292620182037354 1649
1709886398192 3.0167620182037354 1699
1709886398318 3.2042620182037354 1749
1709886398441 3.3292620182037354 1799
1709886398551 3.3292620182037354 1849
1709886398677 3.2667620182037354 1899
1709886398812 3.1417620182037354 1949
1709886398931 3.2667620182037354 1999
1709886399063 3.2667620182037354 2049
1709886399186 3.2042620182037354 2099
1709886399324 3.1417620182037354 2149
1709886399460 3.2667620182037354 2199
1709886399585 3.3292620182037354 2249
1709886399702 3.32908296585083 2299
1709886399810 3.3917620182037354 2349
1709886399912 3.2667620182037354 2399
1709886400014 3.3917620182037354 2449
1709886400116 3.2667620182037354 2499
1709886400223 3.2667620182037354 2549
1709886400334 3.2042620182037354 2599
1709886400441 3.2042620182037354 2649
1709886400548 3.3917620182037354 2699
1709886400657 3.3292620182037354 2749
1709886400778 3.3917620182037354 2799
1709886400898 3.3917620182037354 2849
1709886401003 3.3917620182037354 2899
1709886401110 3.2042620182037354 2949
1709886401215 3.2042620182037354 2999
1709886401324 3.3292620182037354 3049
1709886401426 3.3917620182037354 3099
1709886401530 3.2667620182037354 3149
1709886401636 3.3292620182037354 3199
1709886401758 3.2667620182037354 3249
1709886401871 3.3917620182037354 3299
1709886401982 3.3292620182037354 3349
1709886402096 3.3292620182037354 3399
1709886402208 3.3917620182037354 3449
1709886402317 3.3292620182037354 3499
1709886402421 3.3917620182037354 3549
1709886402527 3.3917620182037354 3599
1709886402633 3.3292620182037354 3649
1709886402736 3.3292620182037354 3699
1709886402842 3.3917620182037354 3749
1709886402951 3.3292620182037354 3799
1709886403054 3.3292620182037354 3849
1709886403158 3.3292620182037354 3899
1709886403264 3.3917620182037354 3949
1709886403369 3.3292620182037354 3999
1709886403472 3.3917620182037354 4049
1709886403580 3.3292620182037354 4099
1709886403685 3.3917620182037354 4149
1709886403795 3.3292620182037354 4199
1709886403902 3.3292620182037354 4249
1709886404014 3.3292620182037354 4299
1709886404123 3.3917620182037354 4349
1709886404231 3.3917620182037354 4399
1709886404338 3.3292620182037354 4449
1709886404445 3.3917620182037354 4499
1709886404552 3.3917620182037354 4549
1709886404658 3.3292620182037354 4599
1709886404765 3.3917620182037354 4649
1709886404874 3.3292620182037354 4699
1709886404987 3.3292620182037354 4749
1709886405106 3.3292620182037354 4799
1709886405212 3.2667620182037354 4849
1709886405316 3.3917620182037354 4899
1709886405421 3.3917620182037354 4949
1709886405526 3.3917620182037354 4999
1709886405630 3.3917620182037354 5049
1709886405736 3.2667620182037354 5099
1709886405842 3.3917620182037354 5149
1709886405949 3.2042620182037354 5199
1709886406053 3.2042620182037354 5249
1709886406159 3.2667620182037354 5299
1709886406265 3.3292620182037354 5349
1709886406368 3.2667620182037354 5399
1709886406469 3.3917620182037354 5449
1709886406574 3.2667620182037354 5499
1709886406684 3.3292620182037354 5549
1709886406796 3.3292620182037354 5599
1709886406908 3.2667620182037354 5649
1709886407017 3.3292620182037354 5699
1709886407132 3.3917620182037354 5749
1709886407243 3.3292620182037354 5799
1709886407355 3.3292620182037354 5849
1709886407462 3.3292620182037354 5899
1709886407567 3.3292620182037354 5949
1709886407672 3.3917620182037354 5999
1709886407785 3.2667620182037354 6049
1709886407911 3.3913652896881104 6099
1709886408020 3.2042620182037354 6149
1709886408125 3.2042620182037354 6199
1709886408229 3.3917620182037354 6249
1709886408332 3.3917620182037354 6299
1709886408437 3.3292620182037354 6349
1709886408540 3.3292620182037354 6399
1709886408642 3.3917620182037354 6449
1709886408747 3.3917620182037354 6499
1709886408851 3.3917620182037354 6549
1709886408955 3.3917620182037354 6599
1709886409061 3.3917620182037354 6649
1709886409167 3.2667620182037354 6699
1709886409274 3.3917620182037354 6749
1709886409387 3.3917620182037354 6799
1709886409506 3.3292617797851562 6849
1709886409621 3.3292620182037354 6899
1709886409736 3.2042620182037354 6949
1709886409846 3.3292620182037354 6999
1709886409955 3.3917620182037354 7049
1709886410062 3.2042620182037354 7099
1709886410170 3.3292620182037354 7149
1709886410281 3.3292620182037354 7199
1709886410391 3.2667620182037354 7249
1709886410510 3.3292620182037354 7299
1709886410619 3.2667620182037354 7349
1709886410742 3.3292620182037354 7399
1709886410852 3.3292620182037354 7449
1709886410960 3.3292620182037354 7499
1709886411070 3.3917620182037354 7549
1709886411179 3.2667620182037354 7599
1709886411284 3.3917620182037354 7649
1709886411388 3.2042620182037354 7699
1709886411495 3.3292620182037354 7749
1709886411600 3.3292620182037354 7799
1709886411704 3.2667620182037354 7849
1709886411809 3.3292620182037354 7899
1709886411912 3.3292620182037354 7949
1709886412016 3.3917620182037354 7999
1709886412119 3.3917620182037354 8049
1709886412225 3.3292620182037354 8099
1709886412327 3.3917620182037354 8149
1709886412427 3.3917620182037354 8199
1709886412529 3.2042620182037354 8249
1709886412644 3.3292620182037354 8299
1709886412766 3.3917620182037354 8349
1709886412873 3.3917620182037354 8399
1709886412979 3.3292620182037354 8449
1709886413083 3.3292620182037354 8499
1709886413191 3.3292620182037354 8549
1709886413313 3.2042620182037354 8599
1709886413422 3.3917620182037354 8649
1709886413538 3.3917620182037354 8699
1709886413648 3.3917620182037354 8749
1709886413755 3.3917620182037354 8799
1709886413864 3.3292620182037354 8849
1709886413968 3.3917620182037354 8899
1709886414073 3.3917620182037354 8949
1709886414182 3.3917620182037354 8999
1709886414293 3.3917620182037354 9049
1709886414402 3.3292620182037354 9099
1709886414510 3.3292620182037354 9149
1709886414616 3.3917620182037354 9199
1709886414722 3.3917620182037354 9249
1709886414834 3.3292620182037354 9299
1709886414949 3.3292620182037354 9349
1709886415067 3.3917620182037354 9399
1709886415184 3.3917620182037354 9449
1709886415296 3.3917620182037354 9499
1709886415407 3.3917620182037354 9549
1709886415520 3.3917620182037354 9599
1709886415631 3.3292620182037354 9649
1709886415739 3.3292620182037354 9699
1709886415848 3.3917620182037354 9749
1709886415956 3.3917620182037354 9799
1709886416065 3.3917620182037354 9849
1709886416169 3.3292620182037354 9899
1709886416279 3.3292620182037354 9949
1709886416389 3.3917620182037354 9999
1709886416497 3.3292620182037354 10049
1709886416608 3.3917620182037354 10099
1709886416723 3.3917624950408936 10149
1709886420293 3.3917620182037354 10199
1709886420403 3.3292620182037354 10249
1709886420514 3.3917620182037354 10299
1709886420626 3.3292620182037354 10349
1709886420738 3.3292620182037354 10399
1709886420853 3.3292620182037354 10449
1709886420960 3.3292620182037354 10499
1709886421068 3.3917620182037354 10549
1709886421172 3.3292620182037354 10599
1709886421281 3.3917620182037354 10649
1709886421390 3.3292620182037354 10699
1709886421497 3.3917620182037354 10749
1709886421606 3.3917620182037354 10799
1709886421714 3.3917620182037354 10849
1709886421822 3.3292620182037354 10899
1709886421933 3.3292620182037354 10949
1709886422039 3.3917620182037354 10999
1709886422148 3.3917620182037354 11049
1709886422252 3.3292620182037354 11099
1709886422361 3.3917620182037354 11149
1709886422468 3.3292620182037354 11199
1709886422575 3.3917620182037354 11249
1709886422682 3.3917620182037354 11299
1709886422799 3.3292620182037354 11349
1709886422905 3.3917620182037354 11399
1709886423011 3.2042620182037354 11449
1709886423118 3.3292620182037354 11499
1709886423222 3.3917620182037354 11549
1709886423326 3.3917620182037354 11599
1709886423439 3.3292620182037354 11649
1709886423542 3.3917620182037354 11699
1709886423649 3.3292620182037354 11749
1709886423755 3.2667620182037354 11799
1709886423864 3.3292620182037354 11849
1709886423971 3.3292620182037354 11899
1709886424077 3.3917620182037354 11949
1709886424182 3.3292620182037354 11999
1709886424287 3.3917620182037354 12049
1709886424396 3.3292620182037354 12099
1709886424510 3.2042620182037354 12149
1709886424631 3.3292620182037354 12199
1709886424736 3.3917620182037354 12249
1709886424852 3.3917620182037354 12299
1709886424956 3.3917620182037354 12349
1709886425063 3.3292620182037354 12399
1709886425169 3.3292620182037354 12449
1709886425277 3.3292620182037354 12499
1709886425393 3.3292620182037354 12549
1709886425505 3.3292620182037354 12599
1709886425613 3.3292620182037354 12649
1709886425722 3.3292620182037354 12699
1709886425832 3.3917620182037354 12749
1709886425938 3.3917620182037354 12799
1709886426046 3.3917620182037354 12849
1709886426183 3.3917620182037354 12899
1709886426301 3.3292620182037354 12949
1709886426404 3.3917620182037354 12999
1709886426510 3.3917620182037354 13049
1709886426616 3.3292620182037354 13099
1709886426721 3.3917620182037354 13149
1709886426846 3.3917620182037354 13199
1709886426956 3.3917620182037354 13249
1709886427059 3.3292620182037354 13299
1709886427165 3.3917620182037354 13349
1709886427270 3.3917620182037354 13399
1709886427379 3.3292620182037354 13449
1709886427491 3.3917620182037354 13499
1709886427599 3.3917620182037354 13549
1709886427703 3.2667620182037354 13599
1709886427829 3.3917620182037354 13649
1709886427940 3.3917620182037354 13699
1709886428047 3.3917620182037354 13749
1709886428152 3.3917620182037354 13799
1709886428258 3.3292620182037354 13849
1709886428365 3.3917620182037354 13899
1709886428476 3.3917620182037354 13949
1709886428592 3.3292620182037354 13999
1709886428702 3.3917620182037354 14049
1709886428812 3.3917620182037354 14099
1709886428926 3.3917620182037354 14149
1709886429042 3.2667620182037354 14199
1709886429147 3.3917620182037354 14249
1709886429255 3.3917620182037354 14299
1709886429366 3.3292620182037354 14349
1709886429470 3.3917620182037354 14399
1709886429588 3.3917620182037354 14449
1709886429698 3.3292620182037354 14499
1709886429807 3.3917620182037354 14549
1709886429917 3.3917620182037354 14599
1709886430034 3.3292620182037354 14649
1709886430145 3.3917620182037354 14699
1709886430252 3.3917620182037354 14749
1709886430358 3.3917620182037354 14799
1709886430466 3.3917620182037354 14849
1709886430574 3.3292620182037354 14899
1709886430684 3.3917620182037354 14949
1709886430792 3.2667620182037354 14999
1709886430903 3.2667620182037354 15049
1709886431012 3.3292620182037354 15099
1709886431121 3.3917620182037354 15149
1709886431229 3.3917620182037354 15199
1709886431338 3.3917620182037354 15249
1709886431446 3.3292620182037354 15299
1709886431554 3.2667620182037354 15349
1709886431661 3.3917620182037354 15399
1709886431767 3.3917620182037354 15449
1709886431873 3.2042620182037354 15499
1709886431977 3.2667620182037354 15549
1709886432079 3.3917620182037354 15599
1709886432182 3.3917620182037354 15649
1709886432285 3.3292620182037354 15699
1709886432391 3.3917620182037354 15749
1709886432495 3.3292620182037354 15799
1709886432597 3.3292620182037354 15849
1709886432700 3.2042620182037354 15899
1709886432803 3.3292620182037354 15949
1709886432905 3.3292620182037354 15999
1709886433022 3.3917620182037354 16049
1709886433130 3.3917620182037354 16099
1709886433236 3.3917620182037354 16149
1709886433341 3.3917620182037354 16199
1709886433444 3.3917620182037354 16249
1709886433547 3.3292620182037354 16299
1709886433655 3.3917620182037354 16349
1709886433760 3.3292620182037354 16399
1709886433865 3.3292620182037354 16449
1709886433967 3.3917620182037354 16499
1709886434074 3.3292620182037354 16549
1709886434181 3.2667620182037354 16599
1709886434287 3.2667620182037354 16649
1709886434395 3.3917620182037354 16699
1709886434503 3.3917620182037354 16749
1709886434612 3.3917620182037354 16799
1709886434723 3.3292620182037354 16849
1709886434832 3.3917620182037354 16899
1709886434936 3.3917620182037354 16949
1709886435042 3.3917620182037354 16999
1709886435146 3.3917620182037354 17049
1709886435250 3.3917620182037354 17099
1709886435355 3.3917620182037354 17149
1709886435460 3.2667620182037354 17199
1709886435577 3.3917620182037354 17249
1709886435688 3.3917620182037354 17299
1709886435796 3.3917620182037354 17349
1709886435904 3.3917620182037354 17399
1709886436008 3.2667620182037354 17449
1709886436111 3.3917620182037354 17499
1709886436217 3.3292620182037354 17549
1709886436322 3.3917620182037354 17599
1709886436432 3.3917620182037354 17649
1709886436536 3.3917620182037354 17699
1709886436639 3.3917620182037354 17749
1709886436746 3.3292620182037354 17799
1709886436850 3.2667620182037354 17849
1709886436953 3.2667620182037354 17899
1709886437056 3.3917620182037354 17949
1709886437163 3.3292620182037354 17999
1709886437270 3.2667620182037354 18049
1709886437380 3.3917620182037354 18099
1709886437487 3.3917620182037354 18149
1709886437596 3.3292620182037354 18199
1709886437701 3.3917620182037354 18249
1709886437811 3.2667620182037354 18299
1709886437917 3.3292620182037354 18349
1709886438033 3.2667620182037354 18399
1709886438137 3.3292620182037354 18449
1709886438245 3.3292620182037354 18499
1709886438352 3.3917620182037354 18549
1709886438458 3.3917620182037354 18599
1709886438562 3.2667620182037354 18649
1709886438666 3.3917620182037354 18699
1709886438770 3.2667620182037354 18749
1709886438875 3.3917620182037354 18799
1709886438979 3.3917620182037354 18849
1709886439084 3.3292620182037354 18899
1709886439190 3.3917620182037354 18949
1709886439306 3.3917620182037354 18999
1709886439412 3.2667620182037354 19049
1709886439517 3.3917620182037354 19099
1709886439623 3.3292620182037354 19149
1709886439729 3.2667620182037354 19199
1709886439837 3.3917620182037354 19249
1709886439942 3.3917620182037354 19299
1709886440049 3.3917620182037354 19349
1709886440158 3.3292620182037354 19399
1709886440292 3.3292620182037354 19449
1709886440425 3.3917620182037354 19499
1709886440533 3.3292620182037354 19549
1709886440637 3.3917620182037354 19599
1709886440746 3.3917620182037354 19649
1709886440857 3.2667620182037354 19699
1709886440977 3.3292620182037354 19749
1709886441087 3.3917620182037354 19799
1709886441191 3.3917620182037354 19849
1709886441297 3.3917620182037354 19899
1709886441401 3.3917620182037354 19949
1709886441506 3.3917620182037354 19999
1709886441610 3.3917620182037354 20049
1709886441715 3.3292620182037354 20099
1709886441825 3.3917620182037354 20149
1709886441927 3.3917620182037354 20199
1709886442032 3.3292620182037354 20249
1709886442143 3.3917624950408936 20299
1709886445688 3.3917620182037354 20349
1709886445795 3.3917620182037354 20399
1709886445903 3.3917620182037354 20449
1709886446010 3.3917620182037354 20499
1709886446115 3.3917620182037354 20549
1709886446221 3.3292620182037354 20599
1709886446333 3.3917620182037354 20649
1709886446442 3.3292620182037354 20699
1709886446551 3.2042620182037354 20749
1709886446663 3.3917620182037354 20799
1709886446776 3.3917620182037354 20849
1709886446880 3.3292620182037354 20899
1709886446984 3.3292620182037354 20949
1709886447098 3.3917620182037354 20999
1709886447203 3.3292620182037354 21049
1709886447309 3.3917620182037354 21099
1709886447415 3.3292620182037354 21149
1709886447525 3.3917620182037354 21199
1709886447637 3.3917620182037354 21249
1709886447750 3.3917620182037354 21299
1709886447861 3.2667620182037354 21349
1709886447972 3.3917620182037354 21399
1709886448080 3.3917620182037354 21449
1709886448192 3.3292620182037354 21499
1709886448306 3.3292620182037354 21549
1709886448417 3.3917620182037354 21599
1709886448519 3.2667620182037354 21649
1709886448623 3.3917620182037354 21699
1709886448727 3.3917620182037354 21749
1709886448831 3.3292620182037354 21799
1709886448936 3.3917620182037354 21849
1709886449044 3.3292620182037354 21899
1709886449147 3.3292620182037354 21949
1709886449251 3.3292620182037354 21999
1709886449355 3.3292620182037354 22049
1709886449466 3.3292620182037354 22099
1709886449571 3.2667620182037354 22149
1709886449677 3.3292620182037354 22199
1709886449782 3.3292620182037354 22249
1709886449889 3.3917620182037354 22299
1709886450002 3.3917620182037354 22349
1709886450112 3.3917620182037354 22399
1709886450222 3.3917620182037354 22449
1709886450334 3.3917620182037354 22499
1709886450438 3.3917620182037354 22549
1709886450549 3.3292620182037354 22599
1709886450660 3.3917620182037354 22649
1709886450773 3.3917620182037354 22699
1709886450882 3.3917620182037354 22749
1709886450995 3.3917620182037354 22799
1709886451107 3.3292620182037354 22849
1709886451217 3.2667620182037354 22899
1709886451329 3.3917620182037354 22949
1709886451436 3.3292620182037354 22999
1709886451539 3.3292620182037354 23049
1709886451643 3.2667620182037354 23099
1709886451747 3.3917620182037354 23149
1709886451852 3.3292620182037354 23199
1709886451962 3.3917620182037354 23249
1709886452076 3.3292620182037354 23299
1709886452190 3.3917620182037354 23349
1709886452299 3.3917620182037354 23399
1709886452404 3.3917620182037354 23449
1709886452512 3.3917620182037354 23499
1709886452619 3.3917620182037354 23549
1709886452727 3.3917620182037354 23599
1709886452832 3.3917620182037354 23649
1709886452937 3.3917620182037354 23699
1709886453047 3.3917620182037354 23749
1709886453149 3.3917620182037354 23799
1709886453256 3.3917620182037354 23849
1709886453365 3.3292620182037354 23899
1709886453478 3.3917620182037354 23949
1709886453586 3.3917620182037354 23999
1709886453693 3.3917620182037354 24049
1709886453802 3.2667620182037354 24099
1709886453911 3.3917620182037354 24149
1709886454017 3.3292620182037354 24199
1709886454127 3.3292620182037354 24249
1709886454229 3.2667620182037354 24299
1709886454332 3.3917620182037354 24349
1709886454440 3.3917620182037354 24399
1709886454550 3.3917620182037354 24449
1709886454657 3.3917620182037354 24499
1709886454763 3.3292620182037354 24549
1709886454874 3.3292620182037354 24599
1709886454982 3.3917620182037354 24649
1709886455084 3.3917620182037354 24699
1709886455186 3.3292620182037354 24749
1709886455288 3.3292620182037354 24799
1709886455393 3.3917620182037354 24849
1709886455509 3.2667620182037354 24899
1709886455621 3.3292620182037354 24949
1709886455731 3.3917620182037354 24999
1709886455838 3.3917620182037354 25049
1709886455949 3.3917620182037354 25099
1709886456060 3.3292620182037354 25149
1709886456171 3.3917620182037354 25199
1709886456276 3.3292620182037354 25249
1709886456382 3.3917620182037354 25299
1709886456488 3.3917620182037354 25349
1709886456598 3.3292620182037354 25399
1709886456705 3.3292620182037354 25449
1709886456814 3.3917620182037354 25499
1709886456917 3.3292620182037354 25549
1709886457023 3.3917620182037354 25599
1709886457127 3.3917620182037354 25649
1709886457232 3.3292620182037354 25699
1709886457335 3.3917620182037354 25749
1709886457443 3.3917620182037354 25799
1709886457545 3.3292620182037354 25849
1709886457651 3.3917620182037354 25899
1709886457763 3.3917620182037354 25949
1709886457871 3.3917620182037354 25999
1709886457982 3.3917620182037354 26049
1709886458093 3.2667620182037354 26099
1709886458202 3.3917620182037354 26149
1709886458315 3.3917620182037354 26199
1709886458420 3.3292620182037354 26249
1709886458523 3.3292620182037354 26299
1709886458630 3.3292620182037354 26349
1709886458733 3.3292620182037354 26399
1709886458838 3.3917620182037354 26449
1709886458942 3.3292620182037354 26499
1709886459052 3.3292620182037354 26549
1709886459163 3.3917620182037354 26599
1709886459268 3.3917620182037354 26649
1709886459379 3.3292620182037354 26699
1709886459486 3.3917620182037354 26749
1709886459594 3.3292620182037354 26799
1709886459700 3.3917620182037354 26849
1709886459805 3.3292620182037354 26899
1709886459909 3.2042620182037354 26949
1709886460022 3.3917620182037354 26999
1709886460128 3.3917620182037354 27049
1709886460235 3.3917620182037354 27099
1709886460343 3.2042620182037354 27149
1709886460452 3.3917620182037354 27199
1709886460560 3.3917620182037354 27249
1709886460667 3.3292620182037354 27299
1709886460779 3.3917620182037354 27349
1709886460887 3.3292620182037354 27399
1709886461010 3.3917620182037354 27449
1709886461117 3.3292620182037354 27499
1709886461224 3.3917620182037354 27549
1709886461334 3.3292620182037354 27599
1709886461446 3.2667620182037354 27649
1709886461553 3.3917620182037354 27699
1709886461661 3.3917620182037354 27749
1709886461772 3.3917620182037354 27799
1709886461877 3.3917620182037354 27849
1709886461980 3.3917620182037354 27899
1709886462084 3.2042620182037354 27949
1709886462190 3.3917620182037354 27999
1709886462297 3.3292620182037354 28049
1709886462400 3.3292620182037354 28099
1709886462504 3.3917620182037354 28149
1709886462610 3.2667620182037354 28199
1709886462719 3.2667620182037354 28249
1709886462825 3.3917620182037354 28299
1709886462928 3.3917620182037354 28349
1709886463034 3.3917620182037354 28399
1709886463137 3.3292620182037354 28449
1709886463248 3.3917620182037354 28499
1709886463365 3.3917620182037354 28549
1709886463474 3.2042620182037354 28599
1709886463584 3.3917620182037354 28649
1709886463693 3.3917620182037354 28699
1709886463801 3.3917620182037354 28749
1709886463910 3.2667620182037354 28799
1709886464017 3.3292620182037354 28849
1709886464124 3.3292620182037354 28899
1709886464229 3.3292620182037354 28949
1709886464338 3.3917620182037354 28999
1709886464442 3.3917620182037354 29049
1709886464556 3.3917620182037354 29099
1709886464665 3.3917620182037354 29149
1709886464767 3.3917620182037354 29199
1709886464871 3.3292620182037354 29249
1709886464977 3.3292620182037354 29299
1709886465082 3.3917620182037354 29349
1709886465187 3.3917620182037354 29399
1709886465293 3.2667620182037354 29449
1709886465401 3.3292620182037354 29499
1709886465513 3.3917620182037354 29549
1709886465632 3.3917620182037354 29599
1709886465751 3.3292620182037354 29649
1709886465859 3.3917620182037354 29699
1709886465962 3.3292620182037354 29749
1709886466065 3.3917620182037354 29799
1709886466167 3.3917620182037354 29849
1709886466271 3.2667620182037354 29899
1709886466383 3.3292620182037354 29949
1709886466486 3.3917620182037354 29999
1709886466597 3.3917620182037354 30049
1709886466704 3.3917620182037354 30099
1709886466814 3.2042620182037354 30149
1709886466920 3.3917620182037354 30199
1709886467036 3.2667620182037354 30249
1709886467151 3.3292620182037354 30299
1709886467262 3.3917620182037354 30349
1709886467366 3.3917620182037354 30399
1709886467474 3.3917624950408936 30449
1709886471153 3.2667620182037354 30499
1709886471263 3.3292620182037354 30549
1709886471368 3.2667620182037354 30599
1709886471473 3.3917620182037354 30649
1709886471588 3.3292620182037354 30699
1709886471694 3.3292620182037354 30749
1709886471806 3.3917620182037354 30799
1709886471917 3.3917620182037354 30849
1709886472022 3.3917620182037354 30899
1709886472130 3.3292620182037354 30949
1709886472235 3.2667620182037354 30999
1709886472338 3.3917620182037354 31049
1709886472445 3.3917620182037354 31099
1709886472553 3.3292620182037354 31149
1709886472660 3.2667620182037354 31199
1709886472776 3.3917620182037354 31249
1709886472881 3.3292620182037354 31299
1709886472986 3.3292620182037354 31349
1709886473089 3.3292620182037354 31399
1709886473197 3.3917620182037354 31449
1709886473303 3.2667620182037354 31499
1709886473411 3.2667620182037354 31549
1709886473517 3.3917620182037354 31599
1709886473621 3.3292620182037354 31649
1709886473730 3.3292620182037354 31699
1709886473838 3.3917620182037354 31749
1709886473944 3.3917620182037354 31799
1709886474047 3.3917620182037354 31849
1709886474151 3.3917620182037354 31899
1709886474256 3.3917620182037354 31949
1709886474361 3.3292620182037354 31999
1709886474465 3.3917620182037354 32049
1709886474573 3.3292620182037354 32099
1709886474679 3.2667620182037354 32149
1709886474784 3.3917620182037354 32199
1709886474890 3.3292620182037354 32249
1709886474996 3.3292620182037354 32299
1709886475100 3.3292620182037354 32349
1709886475202 3.3917620182037354 32399
1709886475307 3.3292620182037354 32449
1709886475411 3.3917620182037354 32499
1709886475517 3.3292620182037354 32549
1709886475621 3.3917620182037354 32599
1709886475729 3.3917620182037354 32649
1709886475843 3.3292620182037354 32699
1709886475960 3.2667620182037354 32749
1709886476075 3.3917620182037354 32799
1709886476209 3.3292620182037354 32849
1709886476329 3.3292620182037354 32899
1709886476447 3.3917620182037354 32949
1709886476568 3.3917620182037354 32999
1709886476693 3.2667620182037354 33049
1709886476810 3.3917620182037354 33099
1709886476921 3.3917620182037354 33149
1709886477031 3.3917620182037354 33199
1709886477137 3.3917620182037354 33249
1709886477243 3.3917620182037354 33299
1709886477348 3.3292620182037354 33349
1709886477451 3.3917620182037354 33399
1709886477555 3.3917620182037354 33449
1709886477659 3.3292620182037354 33499
1709886477764 3.2667620182037354 33549
1709886477870 3.3917620182037354 33599
1709886477977 3.3917620182037354 33649
1709886478086 3.3917620182037354 33699
1709886478190 3.3917620182037354 33749
1709886478295 3.2042620182037354 33799
1709886478406 3.3917620182037354 33849
1709886478515 3.3292620182037354 33899
1709886478628 3.3292620182037354 33949
1709886478732 3.3917620182037354 33999
1709886478836 3.3917620182037354 34049
1709886478940 3.3292620182037354 34099
1709886479064 3.2667620182037354 34149
1709886479170 3.3292620182037354 34199
1709886479276 3.3292620182037354 34249
1709886479381 3.3292620182037354 34299
1709886479486 3.3917620182037354 34349
1709886479596 3.3917620182037354 34399
1709886479705 3.3917620182037354 34449
1709886479812 3.2042620182037354 34499
1709886479917 3.3292620182037354 34549
1709886480023 3.3917620182037354 34599
1709886480140 3.3917620182037354 34649
1709886480245 3.3917620182037354 34699
1709886480350 3.3917620182037354 34749
1709886480457 3.3917620182037354 34799
1709886480562 3.3292620182037354 34849
1709886480671 3.3917620182037354 34899
1709886480780 3.2667620182037354 34949
1709886480883 3.2667620182037354 34999
1709886480987 3.3917620182037354 35049
1709886481091 3.3917620182037354 35099
1709886481197 3.3292620182037354 35149
1709886481300 3.3292620182037354 35199
1709886481404 3.3292620182037354 35249
1709886481510 3.3292620182037354 35299
1709886481614 3.3917620182037354 35349
1709886481718 3.3917620182037354 35399
1709886481826 3.3917620182037354 35449
1709886481938 3.3917620182037354 35499
1709886482052 3.3917620182037354 35549
1709886482175 3.3292620182037354 35599
1709886482295 3.3917620182037354 35649
1709886482415 3.2667620182037354 35699
1709886482530 3.3292620182037354 35749
1709886482650 3.3917620182037354 35799
1709886482787 3.3917620182037354 35849
1709886482899 3.3917620182037354 35899
1709886483009 3.3292620182037354 35949
1709886483119 3.3292620182037354 35999
1709886483229 3.3292620182037354 36049
1709886483336 3.3292620182037354 36099
1709886483447 3.3917620182037354 36149
1709886483557 3.3917620182037354 36199
1709886483663 3.3292620182037354 36249
1709886483776 3.3917620182037354 36299
1709886483885 3.3292620182037354 36349
1709886483996 3.3917620182037354 36399
1709886484104 3.3292620182037354 36449
1709886484213 3.3917620182037354 36499
1709886484320 3.3917620182037354 36549
1709886484429 3.3917620182037354 36599
1709886484539 3.2042620182037354 36649
1709886484645 3.3917620182037354 36699
1709886484755 3.3917620182037354 36749
1709886484875 3.3292620182037354 36799
1709886484991 3.3292620182037354 36849
1709886485104 3.3917620182037354 36899
1709886485231 3.3917620182037354 36949
1709886485346 3.3917620182037354 36999
1709886485453 3.3292620182037354 37049
1709886485558 3.3917620182037354 37099
1709886485667 3.3292620182037354 37149
1709886485778 3.2667620182037354 37199
1709886485879 3.3917620182037354 37249
1709886485985 3.3292620182037354 37299
1709886486089 3.3292620182037354 37349
1709886486196 3.3292620182037354 37399
1709886486301 3.3917620182037354 37449
1709886486407 3.2667620182037354 37499
1709886486514 3.3292620182037354 37549
1709886486619 3.3917620182037354 37599
1709886486725 3.3292620182037354 37649
1709886486835 3.3292620182037354 37699
1709886486944 3.3292620182037354 37749
1709886487048 3.3292620182037354 37799
1709886487165 3.3917620182037354 37849
1709886487278 3.3917620182037354 37899
1709886487386 3.3917620182037354 37949
1709886487493 3.3917620182037354 37999
1709886487597 3.3292620182037354 38049
1709886487703 3.3292620182037354 38099
1709886487811 3.3917620182037354 38149
1709886487924 3.3917620182037354 38199
1709886488037 3.3917620182037354 38249
1709886488157 3.3917620182037354 38299
1709886488275 3.2667620182037354 38349
1709886488394 3.3917620182037354 38399
1709886488508 3.3917620182037354 38449
1709886488627 3.3917620182037354 38499
1709886488752 3.3917620182037354 38549
1709886488870 3.3917620182037354 38599
1709886488977 3.3917620182037354 38649
1709886489081 3.3292620182037354 38699
1709886489186 3.3292620182037354 38749
1709886489289 3.2667620182037354 38799
1709886489394 3.3917620182037354 38849
1709886489497 3.2667620182037354 38899
1709886489601 3.3917620182037354 38949
1709886489720 3.3292620182037354 38999
1709886489825 3.3917620182037354 39049
1709886489928 3.3917620182037354 39099
1709886490031 3.3917620182037354 39149
1709886490135 3.3917620182037354 39199
1709886490246 3.2667620182037354 39249
1709886490352 3.3917620182037354 39299
1709886490459 3.3917620182037354 39349
1709886490565 3.3917620182037354 39399
1709886490670 3.3917620182037354 39449
1709886490782 3.2667620182037354 39499
1709886490891 3.3917620182037354 39549
1709886490998 3.3292620182037354 39599
1709886491103 3.3917620182037354 39649
1709886491210 3.3917620182037354 39699
1709886491316 3.3917620182037354 39749
1709886491419 3.3292620182037354 39799
1709886491527 3.3292620182037354 39849
1709886491633 3.3917620182037354 39899
1709886491741 3.3917620182037354 39949
1709886491845 3.3917620182037354 39999
1709886491949 3.3292620182037354 40049
1709886492053 3.3917620182037354 40099
1709886492159 3.3917620182037354 40149
1709886492273 3.3292620182037354 40199
1709886492378 3.3917620182037354 40249
1709886492487 3.3917620182037354 40299
1709886492594 3.3917620182037354 40349
1709886492702 3.3917620182037354 40399
1709886492809 3.3917620182037354 40449
1709886492915 3.3917620182037354 40499
1709886493023 3.3292620182037354 40549
1709886493135 3.3917624950408936 40599
1709886497653 3.3292620182037354 40649
1709886497765 3.3292620182037354 40699
1709886497881 3.3292620182037354 40749
1709886497999 3.3917620182037354 40799
1709886498108 3.2667620182037354 40849
1709886498231 3.3917620182037354 40899
1709886498341 3.2667620182037354 40949
1709886498449 3.3292620182037354 40999
1709886498560 3.3917620182037354 41049
1709886498673 3.3292620182037354 41099
1709886498804 3.3917620182037354 41149
1709886498960 3.3917620182037354 41199
1709886499068 3.3917620182037354 41249
1709886499179 3.3292620182037354 41299
1709886499376 3.2667620182037354 41349
1709886499600 3.2667620182037354 41399
1709886499795 3.3292620182037354 41449
1709886499940 3.3917620182037354 41499
1709886500048 3.3917620182037354 41549
1709886500158 3.3292620182037354 41599
1709886500262 3.3292620182037354 41649
1709886500369 3.3292620182037354 41699
1709886500472 3.3917620182037354 41749
1709886500577 3.2667620182037354 41799
1709886500700 3.3292620182037354 41849
1709886500826 3.3917620182037354 41899
1709886500950 3.2667620182037354 41949
1709886501067 3.3917620182037354 41999
1709886501183 3.3917620182037354 42049
1709886501311 3.3292620182037354 42099
1709886501428 3.3917620182037354 42149
1709886501546 3.3292620182037354 42199
1709886501659 3.3292620182037354 42249
1709886501770 3.3292620182037354 42299
1709886501890 3.3292620182037354 42349
1709886502002 3.3917620182037354 42399
1709886502115 3.3917620182037354 42449
1709886502224 3.2667620182037354 42499
1709886502331 3.3917620182037354 42549
1709886502439 3.3917620182037354 42599
1709886502547 3.3917620182037354 42649
1709886502654 3.3292620182037354 42699
1709886502760 3.3292620182037354 42749
1709886502866 3.3917620182037354 42799
1709886502972 3.3917620182037354 42849
1709886503078 3.3917620182037354 42899
1709886503181 3.3917620182037354 42949
1709886503288 3.3917620182037354 42999
1709886503395 3.2667620182037354 43049
1709886503501 3.3917620182037354 43099
1709886503604 3.3292620182037354 43149
1709886503709 3.3917620182037354 43199
1709886503813 3.3917620182037354 43249
1709886503919 3.3292620182037354 43299
1709886504023 3.3917620182037354 43349
1709886504129 3.3917620182037354 43399
1709886504237 3.3917620182037354 43449
1709886504367 3.3917620182037354 43499
1709886504471 3.3917620182037354 43549
1709886504582 3.2667620182037354 43599
1709886504688 3.3917620182037354 43649
1709886504798 3.3292620182037354 43699
1709886504907 3.3917620182037354 43749
1709886505012 3.3917620182037354 43799
1709886505119 3.3917620182037354 43849
1709886505224 3.3917620182037354 43899
1709886505333 3.3917620182037354 43949
1709886505437 3.3292620182037354 43999
1709886505541 3.3292620182037354 44049
1709886505645 3.3292620182037354 44099
1709886505751 3.3917620182037354 44149
1709886505855 3.3917620182037354 44199
1709886505961 3.3292620182037354 44249
1709886506065 3.3917620182037354 44299
1709886506169 3.3917620182037354 44349
1709886506274 3.3917620182037354 44399
1709886506377 3.3292620182037354 44449
1709886506481 3.3917620182037354 44499
1709886506585 3.2042620182037354 44549
1709886506694 3.3917620182037354 44599
1709886506830 3.3292620182037354 44649
1709886506948 3.3917620182037354 44699
1709886507070 3.3292620182037354 44749
1709886507196 3.3917620182037354 44799
1709886507323 3.3917620182037354 44849
1709886507458 3.2042620182037354 44899
1709886507579 3.3917620182037354 44949
1709886507692 3.3292620182037354 44999
1709886507796 3.2667620182037354 45049
1709886507899 3.3917620182037354 45099
1709886508003 3.3292620182037354 45149
1709886508109 3.3917620182037354 45199
1709886508213 3.3292620182037354 45249
1709886508319 3.3917620182037354 45299
1709886508426 3.3917620182037354 45349
1709886508533 3.3292620182037354 45399
1709886508636 3.1417620182037354 45449
1709886508741 3.3917620182037354 45499
1709886508846 3.3292620182037354 45549
1709886508952 3.3292620182037354 45599
1709886509055 3.3917620182037354 45649
1709886509157 3.3917620182037354 45699
1709886509260 3.3292620182037354 45749
1709886509367 3.3917620182037354 45799
1709886509475 3.3292620182037354 45849
1709886509578 3.3292620182037354 45899
1709886509694 3.3917620182037354 45949
1709886509802 3.3917620182037354 45999
1709886509910 3.3917620182037354 46049
1709886510018 3.3292620182037354 46099
1709886510124 3.3917620182037354 46149
1709886510230 3.3292620182037354 46199
1709886510337 3.3292620182037354 46249
1709886510448 3.3917620182037354 46299
1709886510557 3.2667620182037354 46349
1709886510667 3.3292620182037354 46399
1709886510782 3.3292620182037354 46449
1709886510888 3.3917620182037354 46499
1709886510994 3.3917620182037354 46549
1709886511102 3.3917620182037354 46599
1709886511208 3.2667620182037354 46649
1709886511313 3.3917620182037354 46699
1709886511419 3.3917620182037354 46749
1709886511529 3.3917620182037354 46799
1709886511635 3.2667620182037354 46849
1709886511738 3.3917620182037354 46899
1709886511845 3.2667620182037354 46949
1709886511950 3.3292620182037354 46999
1709886512057 3.3917620182037354 47049
1709886512164 3.2667620182037354 47099
1709886512272 3.2667620182037354 47149
1709886512394 3.3917620182037354 47199
1709886512508 3.3292620182037354 47249
1709886512623 3.3292620182037354 47299
1709886512734 3.3917620182037354 47349
1709886512856 3.3292620182037354 47399
1709886512977 3.2042620182037354 47449
1709886513096 3.3292620182037354 47499
1709886513215 3.3917620182037354 47549
1709886513333 3.3292620182037354 47599
1709886513452 3.3292620182037354 47649
1709886513590 3.3292620182037354 47699
1709886513706 3.3292620182037354 47749
1709886513815 3.3917620182037354 47799
1709886513920 3.3292620182037354 47849
1709886514025 3.3292620182037354 47899
1709886514131 3.2667620182037354 47949
1709886514237 3.3292620182037354 47999
1709886514343 3.3917620182037354 48049
1709886514452 3.3292620182037354 48099
1709886514562 3.3917620182037354 48149
1709886514669 3.3917620182037354 48199
1709886514776 3.3292620182037354 48249
1709886514880 3.3917620182037354 48299
1709886514987 3.3292620182037354 48349
1709886515097 3.2667620182037354 48399
1709886515205 3.3917620182037354 48449
1709886515311 3.3917620182037354 48499
1709886515421 3.3917620182037354 48549
1709886515535 3.3917620182037354 48599
1709886515646 3.3917620182037354 48649
1709886515758 3.3917620182037354 48699
1709886515889 3.3292620182037354 48749
1709886516004 3.2667620182037354 48799
1709886516121 3.2667620182037354 48849
1709886516231 3.3917620182037354 48899
1709886516337 3.3292620182037354 48949
1709886516446 3.3917620182037354 48999
1709886516553 3.3292620182037354 49049
1709886516662 3.3917620182037354 49099
1709886516773 3.3917620182037354 49149
1709886516879 3.3917620182037354 49199
1709886516985 3.3917620182037354 49249
1709886517092 3.3917620182037354 49299
1709886517198 3.3917620182037354 49349
1709886517312 3.2667620182037354 49399
1709886517425 3.3292620182037354 49449
1709886517531 3.3917620182037354 49499
1709886517642 3.2667620182037354 49549
1709886517746 3.3292620182037354 49599
1709886517850 3.3292620182037354 49649
1709886517960 3.3917620182037354 49699
1709886518077 3.3917620182037354 49749
1709886518181 3.3917620182037354 49799
1709886518286 3.3917620182037354 49849
1709886518392 3.3917620182037354 49899
1709886518503 3.3292620182037354 49949
1709886518614 3.3292620182037354 49999
1709886518722 3.3917620182037354 50049
1709886518837 3.3917620182037354 50099
1709886518957 3.3917620182037354 50149
1709886519080 3.3917620182037354 50199
1709886519200 3.3917620182037354 50249
1709886519317 3.3917620182037354 50299
1709886519434 3.3917620182037354 50349
1709886519550 3.3917620182037354 50399
1709886519671 3.3917620182037354 50449
1709886519787 3.3917620182037354 50499
1709886519894 3.3917620182037354 50549
1709886519998 3.3917620182037354 50599
1709886520105 3.3292620182037354 50649
1709886520237 3.3917620182037354 50699
1709886520350 3.3917624950408936 50749
1709886523988 3.3292620182037354 50799
1709886524095 3.3292620182037354 50849
1709886524199 3.3292620182037354 50899
1709886524306 3.3292620182037354 50949
1709886524421 3.3292620182037354 50999
1709886524531 3.3917620182037354 51049
1709886524639 3.3917620182037354 51099
1709886524748 3.3917620182037354 51149
1709886524858 3.2667620182037354 51199
1709886524980 3.3917620182037354 51249
1709886525104 3.3917620182037354 51299
1709886525254 3.3917620182037354 51349
1709886525377 3.3292620182037354 51399
1709886525496 3.3292620182037354 51449
1709886525615 3.3917620182037354 51499
1709886525743 3.3917620182037354 51549
1709886525870 3.3917620182037354 51599
1709886525979 3.3917620182037354 51649
1709886526085 3.3917620182037354 51699
1709886526191 3.3917620182037354 51749
1709886526297 3.3917620182037354 51799
1709886526404 3.3292620182037354 51849
1709886526512 3.3917620182037354 51899
1709886526619 3.3292620182037354 51949
1709886526725 3.2667620182037354 51999
1709886526835 3.2667620182037354 52049
1709886526943 3.2667620182037354 52099
1709886527049 3.3917620182037354 52149
1709886527158 3.2667620182037354 52199
1709886527265 3.3917620182037354 52249
1709886527375 3.3917620182037354 52299
1709886527488 3.3917620182037354 52349
1709886527596 3.3917620182037354 52399
1709886527703 3.3917620182037354 52449
1709886527807 3.3917620182037354 52499
1709886527919 3.3917620182037354 52549
1709886528030 3.3917620182037354 52599
1709886528141 3.3917620182037354 52649
1709886528249 3.2042620182037354 52699
1709886528356 3.3917620182037354 52749
1709886528461 3.3917620182037354 52799
1709886528566 3.3292620182037354 52849
1709886528671 3.3292620182037354 52899
1709886528779 3.3917620182037354 52949
1709886528886 3.3292620182037354 52999
1709886529006 3.3917620182037354 53049
1709886529116 3.3917620182037354 53099
1709886529226 3.3292620182037354 53149
1709886529339 3.2042620182037354 53199
1709886529447 3.3292620182037354 53249
1709886529555 3.3292620182037354 53299
1709886529661 3.3917620182037354 53349
1709886529769 3.2042620182037354 53399
1709886529877 3.3917620182037354 53449
1709886529986 3.3292620182037354 53499
1709886530093 3.3917620182037354 53549
1709886530198 3.3917620182037354 53599
1709886530303 3.3917620182037354 53649
1709886530407 3.3292620182037354 53699
1709886530511 3.2667620182037354 53749
1709886530615 3.3917620182037354 53799
1709886530721 3.3292620182037354 53849
1709886530827 3.3292620182037354 53899
1709886530933 3.3917620182037354 53949
1709886531052 3.3917620182037354 53999
1709886531168 3.3292620182037354 54049
1709886531288 3.3292620182037354 54099
1709886531405 3.3917620182037354 54149
1709886531527 3.3292620182037354 54199
1709886531652 3.3917620182037354 54249
1709886531774 3.3292620182037354 54299
1709886531893 3.3292620182037354 54349
1709886532001 3.3917620182037354 54399
1709886532105 3.2667620182037354 54449
1709886533317 3.2667620182037354 54499
1709886533433 3.3917620182037354 54549
1709886533546 3.3292620182037354 54599
1709886533651 3.3292620182037354 54649
1709886533756 3.3292620182037354 54699
1709886533862 3.3917620182037354 54749
1709886533966 3.3917620182037354 54799
1709886534072 3.3292620182037354 54849
1709886534176 3.2667620182037354 54899
1709886534288 3.3917620182037354 54949
1709886534398 3.3292620182037354 54999
1709886534508 3.3917620182037354 55049
1709886534614 3.2667620182037354 55099
1709886534724 3.3292620182037354 55149
1709886534831 3.3917620182037354 55199
1709886534938 3.3917620182037354 55249
1709886535044 3.3917620182037354 55299
1709886535150 3.2667620182037354 55349
1709886535255 3.2667620182037354 55399
1709886535365 3.3292620182037354 55449
1709886535484 3.3292620182037354 55499
1709886535594 3.3917620182037354 55549
1709886535703 3.3917620182037354 55599
1709886535814 3.3917620182037354 55649
1709886535920 3.3292620182037354 55699
1709886536032 3.3917620182037354 55749
1709886536137 3.3292620182037354 55799
1709886536249 3.2667620182037354 55849
1709886536354 3.3917620182037354 55899
1709886536463 3.3917620182037354 55949
1709886536569 3.3292620182037354 55999
1709886536676 3.3917620182037354 56049
1709886536789 3.2667620182037354 56099
1709886536898 3.3292620182037354 56149
1709886537007 3.2667620182037354 56199
1709886537113 3.3917620182037354 56249
1709886537218 3.3917620182037354 56299
1709886537339 3.3292620182037354 56349
1709886537461 3.3917620182037354 56399
1709886537567 3.3917620182037354 56449
1709886537687 3.3917620182037354 56499
1709886537798 3.3917620182037354 56549
1709886537905 3.3292620182037354 56599
1709886538011 3.3917620182037354 56649
1709886538120 3.3917620182037354 56699
1709886538234 3.3917620182037354 56749
1709886538353 3.3917620182037354 56799
1709886538472 3.3917620182037354 56849
1709886538589 3.3917620182037354 56899
1709886538707 3.2667620182037354 56949
1709886538830 3.3292620182037354 56999
1709886538950 3.2667620182037354 57049
1709886539061 3.3917620182037354 57099
1709886539181 3.2042620182037354 57149
1709886539320 3.3917620182037354 57199
1709886539429 3.3917620182037354 57249
1709886539534 3.3292620182037354 57299
1709886539651 3.3917620182037354 57349
1709886539807 3.3292620182037354 57399
1709886539940 3.3292620182037354 57449
1709886540046 3.3292620182037354 57499
1709886540153 3.3917620182037354 57549
1709886540259 3.3917620182037354 57599
1709886540370 3.3292620182037354 57649
1709886540481 3.3917620182037354 57699
1709886540590 3.3917620182037354 57749
1709886540700 3.3917620182037354 57799
1709886540811 3.3292620182037354 57849
1709886540919 3.3292620182037354 57899
1709886541027 3.3292620182037354 57949
1709886541131 3.3917620182037354 57999
1709886541233 3.3917620182037354 58049
1709886541336 3.3292620182037354 58099
1709886541447 3.3917620182037354 58149
1709886541556 3.3917620182037354 58199
1709886542218 3.3292620182037354 58249
1709886542323 3.3292620182037354 58299
1709886542432 3.3917620182037354 58349
1709886542641 3.3292620182037354 58399
1709886542837 3.3917620182037354 58449
1709886543049 3.2667620182037354 58499
1709886543195 3.3917620182037354 58549
1709886543302 3.2042620182037354 58599
1709886543409 3.3917620182037354 58649
1709886543516 3.3917620182037354 58699
1709886543624 3.3917620182037354 58749
1709886543735 3.3917620182037354 58799
1709886543842 3.3917620182037354 58849
1709886543949 3.3917620182037354 58899
1709886544060 3.3917620182037354 58949
1709886544165 3.3917620182037354 58999
1709886544276 3.3292620182037354 59049
1709886544383 3.3917620182037354 59099
1709886544490 3.1417620182037354 59149
1709886544596 3.3917620182037354 59199
1709886544700 3.3917620182037354 59249
1709886544802 3.3292620182037354 59299
1709886544907 3.3917620182037354 59349
1709886545012 3.3292620182037354 59399
1709886545117 3.3917620182037354 59449
1709886545222 3.3917620182037354 59499
1709886545366 3.3292620182037354 59549
1709886545479 3.2667620182037354 59599
1709886545586 3.3917620182037354 59649
1709886545703 3.3917620182037354 59699
1709886545815 3.3917620182037354 59749
1709886545921 3.3917620182037354 59799
1709886546027 3.3917620182037354 59849
1709886546133 3.3917620182037354 59899
1709886546237 3.3917620182037354 59949
1709886546350 3.3917620182037354 59999
1709886546463 3.3917620182037354 60049
1709886546572 3.2667620182037354 60099
1709886546682 3.3292620182037354 60149
1709886546793 3.3917620182037354 60199
1709886546903 3.3917620182037354 60249
1709886547052 3.3917620182037354 60299
1709886547164 3.3917620182037354 60349
1709886547279 3.3917620182037354 60399
1709886547396 3.3917620182037354 60449
1709886547512 3.2667620182037354 60499
1709886547651 3.3917620182037354 60549
1709886547770 3.3917620182037354 60599
1709886547892 3.3917620182037354 60649
1709886548009 3.2042620182037354 60699
1709886548138 3.3917620182037354 60749
1709886548254 3.3292620182037354 60799
1709886548364 3.3292620182037354 60849
1709886548475 3.3917624950408936 60899
1709886552090 3.3917620182037354 60949
1709886552199 3.3917620182037354 60999
1709886552304 3.3292620182037354 61049
1709886552414 3.3292620182037354 61099
1709886552520 3.3917620182037354 61149
1709886552629 3.3292620182037354 61199
1709886552737 3.3917620182037354 61249
1709886552853 3.3917620182037354 61299
1709886552962 3.3292620182037354 61349
1709886553071 3.3917620182037354 61399
1709886553179 3.3917620182037354 61449
1709886553296 3.3292620182037354 61499
1709886553416 3.3917620182037354 61549
1709886553538 3.3917620182037354 61599
1709886553664 3.3917620182037354 61649
1709886553793 3.3917620182037354 61699
1709886553918 3.3292620182037354 61749
1709886554036 3.3917620182037354 61799
1709886554163 3.3917620182037354 61849
1709886554286 3.3292620182037354 61899
1709886554395 3.3292620182037354 61949
1709886554503 3.3917620182037354 61999
1709886554608 3.3917620182037354 62049
1709886554714 3.3917620182037354 62099
1709886554826 3.3292620182037354 62149
1709886554955 3.3917620182037354 62199
1709886555071 3.3292620182037354 62249
1709886555179 3.3292620182037354 62299
1709886555291 3.3292620182037354 62349
1709886555399 3.3292620182037354 62399
1709886555507 3.3917620182037354 62449
1709886555615 3.3917620182037354 62499
1709886555725 3.3292620182037354 62549
1709886555832 3.3917620182037354 62599
1709886555959 3.3292620182037354 62649
1709886556074 3.3917620182037354 62699
1709886556186 3.3292620182037354 62749
1709886556298 3.3292620182037354 62799
1709886556407 3.3917620182037354 62849
1709886556520 3.3292620182037354 62899
1709886556640 3.2667620182037354 62949
1709886556749 3.2667620182037354 62999
1709886556856 3.3292620182037354 63049
1709886556961 3.3292620182037354 63099
1709886557066 3.3917620182037354 63149
1709886557184 3.3292620182037354 63199
1709886557293 3.3292620182037354 63249
1709886557402 3.3292620182037354 63299
1709886557525 3.3292620182037354 63349
1709886557630 3.3917620182037354 63399
1709886557738 3.3917620182037354 63449
1709886557845 3.3292620182037354 63499
1709886557951 3.3917620182037354 63549
1709886558055 3.3917620182037354 63599
1709886558161 3.3292620182037354 63649
1709886558266 3.3292620182037354 63699
1709886558372 3.2667620182037354 63749
1709886558485 3.3292620182037354 63799
1709886558600 3.3917620182037354 63849
1709886558717 3.3917620182037354 63899
1709886558831 3.3292620182037354 63949
1709886558941 3.3292620182037354 63999
1709886559046 3.3917620182037354 64049
1709886559153 3.3917620182037354 64099
1709886559260 3.3917620182037354 64149
1709886559366 3.3917620182037354 64199
1709886559493 3.3292620182037354 64249
1709886559603 3.3917620182037354 64299
1709886559716 3.3917620182037354 64349
1709886559844 3.3292620182037354 64399
1709886559984 3.3917620182037354 64449
1709886560119 3.3292620182037354 64499
1709886560232 3.3292620182037354 64549
1709886560342 3.3917620182037354 64599
1709886560455 3.3917620182037354 64649
1709886560568 3.2667620182037354 64699
1709886560686 3.3917620182037354 64749
1709886560799 3.3917620182037354 64799
1709886560906 3.3917620182037354 64849
1709886561011 3.3917620182037354 64899
1709886561115 3.2667620182037354 64949
1709886561218 3.3292620182037354 64999
1709886561323 3.3917620182037354 65049
1709886561429 3.3917620182037354 65099
1709886561534 3.3292620182037354 65149
1709886561638 3.3917620182037354 65199
1709886561747 3.3917620182037354 65249
1709886561854 3.3917620182037354 65299
1709886561963 3.3292620182037354 65349
1709886562072 3.3292620182037354 65399
1709886562177 3.3917620182037354 65449
1709886562301 3.3292620182037354 65499
1709886562408 3.3292620182037354 65549
1709886562514 3.3917620182037354 65599
1709886562625 3.3292620182037354 65649
1709886562731 3.3917620182037354 65699
1709886562836 3.2667620182037354 65749
1709886562950 3.3292620182037354 65799
1709886563057 3.3292620182037354 65849
1709886563160 3.3917620182037354 65899
1709886563263 3.2667620182037354 65949
1709886563365 3.3292620182037354 65999
1709886563474 3.3917620182037354 66049
1709886563580 3.3917620182037354 66099
1709886563691 3.3917620182037354 66149
1709886563800 3.3917620182037354 66199
1709886563910 3.2667620182037354 66249
1709886564021 3.3292620182037354 66299
1709886564132 3.3917620182037354 66349
1709886564245 3.2667620182037354 66399
1709886564354 3.3917620182037354 66449
1709886564465 3.3917620182037354 66499
1709886564575 3.3917620182037354 66549
1709886564688 3.3917620182037354 66599
1709886564798 3.3917620182037354 66649
1709886564905 3.3917620182037354 66699
1709886565012 3.3292620182037354 66749
1709886565118 3.3292620182037354 66799
1709886565229 3.3292620182037354 66849
1709886565335 3.3917620182037354 66899
1709886565440 3.3917620182037354 66949
1709886565545 3.3292620182037354 66999
1709886565660 3.3917620182037354 67049
1709886565776 3.3292620182037354 67099
1709886565881 3.3917620182037354 67149
1709886565984 3.3917620182037354 67199
1709886566089 3.3917620182037354 67249
1709886566196 3.3917620182037354 67299
1709886566307 3.3292620182037354 67349
1709886566420 3.3917620182037354 67399
1709886566531 3.3292620182037354 67449
1709886566639 3.3917620182037354 67499
1709886566747 3.3292620182037354 67549
1709886566856 3.3917620182037354 67599
1709886566963 3.3917620182037354 67649
1709886567069 3.3917620182037354 67699
1709886567180 3.3917620182037354 67749
1709886567285 3.3917620182037354 67799
1709886567392 3.3917620182037354 67849
1709886567502 3.3292620182037354 67899
1709886567613 3.2667620182037354 67949
1709886567724 3.3292620182037354 67999
1709886567831 3.3917620182037354 68049
1709886567935 3.3917620182037354 68099
1709886568042 3.3917620182037354 68149
1709886568146 3.3917620182037354 68199
1709886568251 3.3917620182037354 68249
1709886568354 3.3917620182037354 68299
1709886568456 3.3917620182037354 68349
1709886568560 3.3292620182037354 68399
1709886568665 3.3292620182037354 68449
1709886568788 3.3917620182037354 68499
1709886568894 3.3917620182037354 68549
1709886568999 3.3917620182037354 68599
1709886569106 3.3917620182037354 68649
1709886569210 3.3292620182037354 68699
1709886569311 3.3917620182037354 68749
1709886569415 3.3917620182037354 68799
1709886569521 3.3292620182037354 68849
1709886569625 3.3292620182037354 68899
1709886569729 3.3917620182037354 68949
1709886569831 3.3292620182037354 68999
1709886569936 3.3292620182037354 69049
1709886570041 3.2042620182037354 69099
1709886570143 3.3917620182037354 69149
1709886570245 3.3917620182037354 69199
1709886570349 3.2667620182037354 69249
1709886570475 3.3917620182037354 69299
1709886570582 3.3292620182037354 69349
1709886570687 3.3917620182037354 69399
1709886570795 3.3292620182037354 69449
1709886570899 3.3917620182037354 69499
1709886571000 3.3292620182037354 69549
1709886571103 3.3917620182037354 69599
1709886571206 3.3917620182037354 69649
1709886571311 3.3917620182037354 69699
1709886571415 3.3292620182037354 69749
1709886571519 3.3917620182037354 69799
1709886571629 3.3917620182037354 69849
1709886571737 3.3292620182037354 69899
1709886571852 3.3917620182037354 69949
1709886571960 3.3292620182037354 69999
1709886572065 3.3917620182037354 70049
1709886572174 3.3917620182037354 70099
1709886572285 3.3292620182037354 70149
1709886572394 3.3917620182037354 70199
1709886572498 3.3917620182037354 70249
1709886572608 3.3917620182037354 70299
1709886572722 3.3917620182037354 70349
1709886572829 3.3292620182037354 70399
1709886572951 3.3917620182037354 70449
1709886573056 3.3917620182037354 70499
1709886573163 3.3292620182037354 70549
1709886573269 3.2042620182037354 70599
1709886573377 3.3292620182037354 70649
1709886573485 3.3917620182037354 70699
1709886573593 3.3917620182037354 70749
1709886573696 3.3292620182037354 70799
1709886573801 3.3292620182037354 70849
1709886573907 3.3917620182037354 70899
1709886574014 3.2667620182037354 70949
1709886574121 3.3292620182037354 70999
1709886574244 3.3917624950408936 71049
1709886577797 3.2667620182037354 71099
1709886577903 3.3292620182037354 71149
1709886578010 3.3917620182037354 71199
1709886578115 3.3917620182037354 71249
1709886578221 3.3917620182037354 71299
1709886578329 3.3917620182037354 71349
1709886578435 3.3917620182037354 71399
1709886578542 3.3917620182037354 71449
1709886578650 3.3917620182037354 71499
1709886578756 3.3917620182037354 71549
1709886578862 3.3917620182037354 71599
1709886578970 3.3917620182037354 71649
1709886579078 3.3292620182037354 71699
1709886579180 3.2667620182037354 71749
1709886579283 3.3917620182037354 71799
1709886579385 3.3917620182037354 71849
1709886579489 3.3917620182037354 71899
1709886579597 3.3292620182037354 71949
1709886579703 3.3292620182037354 71999
1709886579811 3.3917620182037354 72049
1709886579916 3.2667620182037354 72099
1709886580022 3.3292620182037354 72149
1709886580128 3.3917620182037354 72199
1709886580235 3.3917620182037354 72249
1709886580338 3.3917620182037354 72299
1709886580443 3.3292620182037354 72349
1709886580546 3.3917620182037354 72399
1709886580650 3.3292620182037354 72449
1709886580757 3.3917620182037354 72499
1709886580862 3.2042620182037354 72549
1709886580982 3.3917620182037354 72599
1709886581095 3.3917620182037354 72649
1709886581201 3.2667620182037354 72699
1709886581317 3.3917620182037354 72749
1709886581430 3.3917620182037354 72799
1709886581541 3.3292620182037354 72849
1709886581651 3.3292620182037354 72899
1709886581764 3.3917620182037354 72949
1709886581872 3.3917620182037354 72999
1709886581982 3.3917620182037354 73049
1709886582091 3.3917620182037354 73099
1709886582203 3.3917620182037354 73149
1709886582321 3.2667620182037354 73199
1709886582432 3.3292620182037354 73249
1709886582539 3.3292620182037354 73299
1709886582645 3.3917620182037354 73349
1709886582751 3.3917620182037354 73399
1709886582857 3.3292620182037354 73449
1709886582962 3.3917620182037354 73499
1709886583067 3.3917620182037354 73549
1709886583178 3.3292620182037354 73599
1709886583289 3.3917620182037354 73649
1709886583399 3.2667620182037354 73699
1709886583508 3.3292620182037354 73749
1709886583620 3.3292620182037354 73799
1709886583726 3.3917620182037354 73849
1709886583830 3.3917620182037354 73899
1709886583936 3.3292620182037354 73949
1709886584043 3.3917620182037354 73999
1709886584146 3.3917620182037354 74049
1709886584253 3.3292620182037354 74099
1709886584364 3.3917620182037354 74149
1709886584471 3.3917620182037354 74199
1709886584580 3.3292620182037354 74249
1709886584687 3.3917620182037354 74299
1709886584795 3.3917620182037354 74349
1709886584907 3.3917620182037354 74399
1709886585014 3.3917620182037354 74449
1709886585118 3.3292620182037354 74499
1709886585224 3.3917620182037354 74549
1709886585328 3.3292620182037354 74599
1709886585433 3.3917620182037354 74649
1709886585543 3.3917620182037354 74699
1709886585650 3.3917620182037354 74749
1709886585760 3.3917620182037354 74799
1709886585864 3.3292620182037354 74849
1709886585969 3.3292620182037354 74899
1709886586090 3.3917620182037354 74949
1709886586195 3.3917620182037354 74999
1709886586302 3.3917620182037354 75049
1709886586410 3.3917620182037354 75099
1709886586516 3.3292620182037354 75149
1709886586623 3.3917620182037354 75199
1709886586736 3.3917620182037354 75249
1709886586845 3.3917620182037354 75299
1709886586953 3.3292620182037354 75349
1709886587060 3.3917620182037354 75399
1709886587167 3.3917620182037354 75449
1709886587278 3.3917620182037354 75499
1709886587385 3.3917620182037354 75549
1709886587495 3.3292620182037354 75599
1709886587604 3.3917620182037354 75649
1709886587716 3.3917620182037354 75699
1709886587827 3.3917620182037354 75749
1709886587934 3.3917620182037354 75799
1709886588038 3.3917620182037354 75849
1709886588146 3.3917620182037354 75899
1709886588252 3.3292620182037354 75949
1709886588359 3.3292620182037354 75999
1709886588464 3.3292620182037354 76049
1709886588571 3.3292620182037354 76099
1709886588676 3.3917620182037354 76149
1709886588787 3.3917620182037354 76199
1709886588894 3.2667620182037354 76249
1709886589001 3.2667620182037354 76299
1709886589123 3.3917620182037354 76349
1709886589238 3.3292620182037354 76399
1709886589348 3.3292620182037354 76449
1709886589456 3.3917620182037354 76499
1709886589567 3.3917620182037354 76549
1709886589673 3.3917620182037354 76599
1709886589782 3.3917620182037354 76649
1709886589889 3.2667620182037354 76699
1709886589998 3.3292620182037354 76749
1709886590105 3.2667620182037354 76799
1709886590212 3.3292620182037354 76849
1709886590316 3.3917620182037354 76899
1709886590420 3.3917620182037354 76949
1709886590529 3.3917620182037354 76999
1709886590635 3.3292620182037354 77049
1709886590745 3.3917620182037354 77099
1709886590850 3.2667620182037354 77149
1709886590953 3.3292620182037354 77199
1709886591058 3.3292620182037354 77249
1709886591164 3.3917620182037354 77299
1709886591270 3.3917620182037354 77349
1709886591380 3.3917620182037354 77399
1709886591487 3.3917620182037354 77449
1709886591591 3.3917620182037354 77499
1709886591698 3.3917620182037354 77549
1709886591804 3.3917620182037354 77599
1709886591907 3.3917620182037354 77649
1709886592013 3.3917620182037354 77699
1709886592125 3.3292620182037354 77749
1709886592231 3.3292620182037354 77799
1709886592340 3.3292620182037354 77849
1709886592447 3.3917620182037354 77899
1709886592560 3.3292620182037354 77949
1709886592671 3.3917620182037354 77999
1709886592779 3.2667620182037354 78049
1709886592885 3.3917620182037354 78099
1709886592993 3.3917620182037354 78149
1709886593104 3.3917620182037354 78199
1709886593213 3.3917620182037354 78249
1709886593320 3.3292620182037354 78299
1709886593427 3.3292620182037354 78349
1709886593533 3.3917620182037354 78399
1709886593642 3.3292620182037354 78449
1709886593753 3.3292620182037354 78499
1709886593862 3.3917620182037354 78549
1709886593968 3.3917620182037354 78599
1709886594074 3.3292620182037354 78649
1709886594195 3.3917620182037354 78699
1709886594311 3.1417620182037354 78749
1709886594423 3.3917620182037354 78799
1709886594531 3.3292620182037354 78849
1709886594635 3.3917620182037354 78899
1709886594740 3.3917620182037354 78949
1709886594848 3.3917620182037354 78999
1709886594952 3.3292620182037354 79049
1709886595056 3.3917620182037354 79099
1709886595168 3.3917620182037354 79149
1709886595283 3.3917620182037354 79199
1709886595398 3.3917620182037354 79249
1709886595511 3.3917620182037354 79299
1709886595618 3.3917620182037354 79349
1709886595726 3.3292620182037354 79399
1709886595833 3.3917620182037354 79449
1709886595941 3.3292620182037354 79499
1709886596052 3.3917620182037354 79549
1709886596160 3.3917620182037354 79599
1709886596268 3.3292620182037354 79649
1709886596373 3.3917620182037354 79699
1709886596480 3.3292620182037354 79749
1709886596585 3.3292620182037354 79799
1709886596691 3.2042620182037354 79849
1709886596797 3.3917620182037354 79899
1709886596904 3.3292620182037354 79949
1709886597017 3.3917620182037354 79999
1709886597161 3.3917620182037354 80049
1709886597284 3.3292620182037354 80099
1709886597406 3.3917620182037354 80149
1709886597535 3.3917620182037354 80199
1709886597657 3.3917620182037354 80249
1709886597780 3.3292620182037354 80299
1709886597900 3.2667620182037354 80349
1709886598020 3.2667620182037354 80399
1709886598136 3.2042620182037354 80449
1709886598241 3.3917620182037354 80499
1709886598349 3.3292620182037354 80549
1709886598459 3.3292620182037354 80599
1709886598563 3.2667620182037354 80649
1709886598668 3.3917620182037354 80699
1709886598774 3.3917620182037354 80749
1709886598880 3.3917620182037354 80799
1709886598983 3.3917620182037354 80849
1709886599086 3.2042620182037354 80899
1709886599190 3.3917620182037354 80949
1709886599295 3.3917620182037354 80999
1709886599404 3.3917620182037354 81049
1709886599537 3.3917620182037354 81099
1709886599647 3.2667620182037354 81149
1709886599763 3.3917624950408936 81199
1709886603426 3.2042620182037354 81249
1709886603547 3.3917620182037354 81299
1709886603687 3.3917620182037354 81349
1709886603807 3.3292620182037354 81399
1709886603930 3.3917620182037354 81449
1709886604050 3.3292620182037354 81499
1709886604167 3.3917620182037354 81549
1709886604275 3.3917620182037354 81599
1709886604382 3.2667620182037354 81649
1709886604498 3.3917620182037354 81699
1709886604602 3.3292620182037354 81749
1709886604707 3.3917620182037354 81799
1709886604809 3.3917620182037354 81849
1709886604909 3.3917620182037354 81899
1709886605011 3.3292620182037354 81949
1709886605114 3.3917620182037354 81999
1709886605226 3.3917620182037354 82049
1709886605331 3.3292620182037354 82099
1709886605438 3.3292620182037354 82149
1709886605549 3.3917620182037354 82199
1709886605664 3.3917620182037354 82249
1709886605773 3.3292620182037354 82299
1709886605882 3.3917620182037354 82349
1709886605988 3.3917620182037354 82399
1709886606100 3.3917620182037354 82449
1709886606208 3.3292620182037354 82499
1709886606314 3.3292620182037354 82549
1709886606423 3.3917620182037354 82599
1709886606527 3.3292620182037354 82649
1709886606631 3.2042620182037354 82699
1709886606743 3.3917620182037354 82749
1709886606852 3.3917620182037354 82799
1709886606956 3.3917620182037354 82849
1709886607060 3.3917620182037354 82899
1709886607166 3.3292620182037354 82949
1709886607271 3.3917620182037354 82999
1709886607379 3.2667620182037354 83049
1709886607484 3.3917620182037354 83099
1709886607587 3.3917620182037354 83149
1709886607694 3.3917620182037354 83199
1709886607802 3.2667620182037354 83249
1709886607906 3.3917620182037354 83299
1709886608013 3.3292620182037354 83349
1709886608114 3.3917620182037354 83399
1709886608219 3.3292620182037354 83449
1709886608324 3.3292620182037354 83499
1709886608429 3.2667620182037354 83549
1709886608534 3.3917620182037354 83599
1709886608638 3.3292620182037354 83649
1709886608759 3.3292620182037354 83699
1709886608865 3.3917620182037354 83749
1709886608976 3.3917620182037354 83799
1709886609088 3.3292620182037354 83849
1709886609195 3.2667620182037354 83899
1709886609300 3.3917620182037354 83949
1709886609417 3.3292620182037354 83999
1709886609519 3.3917620182037354 84049
1709886609622 3.3917620182037354 84099
1709886609727 3.3917620182037354 84149
1709886609834 3.3917620182037354 84199
1709886609938 3.3917620182037354 84249
1709886610041 3.3917620182037354 84299
1709886610146 3.3292620182037354 84349
1709886610250 3.3292620182037354 84399
1709886610354 3.2667620182037354 84449
1709886610462 3.3292620182037354 84499
1709886610566 3.3917620182037354 84549
1709886610672 3.3917620182037354 84599
1709886610785 3.3917620182037354 84649
1709886610895 3.3917620182037354 84699
1709886611012 3.3917620182037354 84749
1709886611120 3.3917620182037354 84799
1709886611226 3.3917620182037354 84849
1709886611343 3.3292620182037354 84899
1709886611448 3.3917620182037354 84949
1709886611576 3.3917620182037354 84999
1709886611683 3.3917620182037354 85049
1709886611797 3.3292620182037354 85099
1709886611906 3.3292620182037354 85149
1709886612015 3.3917620182037354 85199
1709886612121 3.3292620182037354 85249
1709886612225 3.2667620182037354 85299
1709886612327 3.3917620182037354 85349
1709886612431 3.3292620182037354 85399
1709886612541 3.3292620182037354 85449
1709886612646 3.3917620182037354 85499
1709886612751 3.3917620182037354 85549
1709886612855 3.3292620182037354 85599
1709886612959 3.3917620182037354 85649
1709886613063 3.3292620182037354 85699
1709886613168 3.3917620182037354 85749
1709886613273 3.3292620182037354 85799
1709886613379 3.3917620182037354 85849
1709886613484 3.3917620182037354 85899
1709886613590 3.3917620182037354 85949
1709886613692 3.3917620182037354 85999
1709886613797 3.3292620182037354 86049
1709886613904 3.3292620182037354 86099
1709886614018 3.3292620182037354 86149
1709886614123 3.3917620182037354 86199
1709886614229 3.3917620182037354 86249
1709886614331 3.3292620182037354 86299
1709886614436 3.3917620182037354 86349
1709886614546 3.2667620182037354 86399
1709886614650 3.3917620182037354 86449
1709886614753 3.3292620182037354 86499
1709886614856 3.3917620182037354 86549
1709886614961 3.3917620182037354 86599
1709886615065 3.3292620182037354 86649
1709886615167 3.1417620182037354 86699
1709886615275 3.3917620182037354 86749
1709886615381 3.3917620182037354 86799
1709886615484 3.3292620182037354 86849
1709886615589 3.3917620182037354 86899
1709886615697 3.3917620182037354 86949
1709886615803 3.3917620182037354 86999
1709886615932 3.3917620182037354 87049
1709886616035 3.3917620182037354 87099
1709886616142 3.3292620182037354 87149
1709886616245 3.3292620182037354 87199
1709886616349 3.3917620182037354 87249
1709886616455 3.3917620182037354 87299
1709886616561 3.3917620182037354 87349
1709886616666 3.3917620182037354 87399
1709886616773 3.3917620182037354 87449
1709886616880 3.2667620182037354 87499
1709886616986 3.3917620182037354 87549
1709886617092 3.3917620182037354 87599
1709886617217 3.3292620182037354 87649
1709886617337 3.2667620182037354 87699
1709886617448 3.3917620182037354 87749
1709886617561 3.3917620182037354 87799
1709886617675 3.3917620182037354 87849
1709886617786 3.3292620182037354 87899
1709886617891 3.2667620182037354 87949
1709886618000 3.3917620182037354 87999
1709886618106 3.3292620182037354 88049
1709886618214 3.3292620182037354 88099
1709886618319 3.3917620182037354 88149
1709886618428 3.3917620182037354 88199
1709886618537 3.3917620182037354 88249
1709886618646 3.2667620182037354 88299
1709886618757 3.3917620182037354 88349
1709886618868 3.3917620182037354 88399
1709886618993 3.2667620182037354 88449
1709886619101 3.3292620182037354 88499
1709886619208 3.3917620182037354 88549
1709886619313 3.3917620182037354 88599
1709886619417 3.3292620182037354 88649
1709886619519 3.3917620182037354 88699
1709886619621 3.3917620182037354 88749
1709886619728 3.3917620182037354 88799
1709886619834 3.3917620182037354 88849
1709886619939 3.3917620182037354 88899
1709886620047 3.3292620182037354 88949
1709886620150 3.3917620182037354 88999
1709886620256 3.3917620182037354 89049
1709886620360 3.3917620182037354 89099
1709886620466 3.3292620182037354 89149
1709886620571 3.2667620182037354 89199
1709886620675 3.3917620182037354 89249
1709886620784 3.3917620182037354 89299
1709886620887 3.2042620182037354 89349
1709886620994 3.3917620182037354 89399
1709886621099 3.3292620182037354 89449
1709886621203 3.3917620182037354 89499
1709886621306 3.3917620182037354 89549
1709886621414 3.3292620182037354 89599
1709886621517 3.3292620182037354 89649
1709886621621 3.3917620182037354 89699
1709886621726 3.2667620182037354 89749
1709886621832 3.3917620182037354 89799
1709886621937 3.3917620182037354 89849
1709886622044 3.3917620182037354 89899
1709886622149 3.2667620182037354 89949
1709886622252 3.3917620182037354 89999
1709886622356 3.3917620182037354 90049
1709886622462 3.3917620182037354 90099
1709886622567 3.3292620182037354 90149
1709886622669 3.3917620182037354 90199
1709886622788 3.2667620182037354 90249
1709886622897 3.3917620182037354 90299
1709886623003 3.3917620182037354 90349
1709886623111 3.3292620182037354 90399
1709886623217 3.3917620182037354 90449
1709886623325 3.3917620182037354 90499
1709886623429 3.3292620182037354 90549
1709886623533 3.3917620182037354 90599
1709886623641 3.3917620182037354 90649
1709886623750 3.3292620182037354 90699
1709886623860 3.3292620182037354 90749
1709886623965 3.3292620182037354 90799
1709886624070 3.3917620182037354 90849
1709886624176 3.3917620182037354 90899
1709886624282 3.3292620182037354 90949
1709886624389 3.3917620182037354 90999
1709886624493 3.2667620182037354 91049
1709886624601 3.2667620182037354 91099
1709886624708 3.3917620182037354 91149
1709886624814 3.3292620182037354 91199
1709886624918 3.3292620182037354 91249
1709886625025 3.2042620182037354 91299
1709886625131 3.3917624950408936 91349
1709886629207 3.3292620182037354 91399
1709886629309 3.3292620182037354 91449
1709886629412 3.3917620182037354 91499
1709886629522 3.3917620182037354 91549
1709886629632 3.3292620182037354 91599
1709886629740 3.3917620182037354 91649
1709886629849 3.3917620182037354 91699
1709886629957 3.3292620182037354 91749
1709886630064 3.3917620182037354 91799
1709886630168 3.3917620182037354 91849
1709886630274 3.3917620182037354 91899
1709886630377 3.3917620182037354 91949
1709886630479 3.3917620182037354 91999
1709886630585 3.3917620182037354 92049
1709886630691 3.3917620182037354 92099
1709886630802 3.3917620182037354 92149
1709886630913 3.3917620182037354 92199
1709886631020 3.3917620182037354 92249
1709886631149 3.3917620182037354 92299
1709886631257 3.3917620182037354 92349
1709886631366 3.3917620182037354 92399
1709886631474 3.3917620182037354 92449
1709886631578 3.3917620182037354 92499
1709886631684 3.3292620182037354 92549
1709886631795 3.2667620182037354 92599
1709886631903 3.3292620182037354 92649
1709886632011 3.3917620182037354 92699
1709886632115 3.2667620182037354 92749
1709886632217 3.3292620182037354 92799
1709886632322 3.3292620182037354 92849
1709886632429 3.3917620182037354 92899
1709886632535 3.3292620182037354 92949
1709886632640 3.3917620182037354 92999
1709886632762 3.3917620182037354 93049
1709886632882 3.3917620182037354 93099
1709886632996 3.3917620182037354 93149
1709886633101 3.2042620182037354 93199
1709886633205 3.3917620182037354 93249
1709886633312 3.3917620182037354 93299
1709886633416 3.3917620182037354 93349
1709886633520 3.3917620182037354 93399
1709886633637 3.2667620182037354 93449
1709886633751 3.3292620182037354 93499
1709886633861 3.3292620182037354 93549
1709886633984 3.3917620182037354 93599
1709886634100 3.2667620182037354 93649
1709886634210 3.3917620182037354 93699
1709886634313 3.3917620182037354 93749
1709886634422 3.3292620182037354 93799
1709886634533 3.3917620182037354 93849
1709886634638 3.3292620182037354 93899
1709886634753 3.3292620182037354 93949
1709886634861 3.3917620182037354 93999
1709886634966 3.3917620182037354 94049
1709886635073 3.3917620182037354 94099
1709886635184 3.3292620182037354 94149
1709886635288 3.3917620182037354 94199
1709886635397 3.3292620182037354 94249
1709886635504 3.3917620182037354 94299
1709886635608 3.3292620182037354 94349
1709886635719 3.2667620182037354 94399
1709886635828 3.3917620182037354 94449
1709886635936 3.3917620182037354 94499
1709886636043 3.3917620182037354 94549
1709886636153 3.3917620182037354 94599
1709886636260 3.3917620182037354 94649
1709886636368 3.3917620182037354 94699
1709886636474 3.3292620182037354 94749
1709886636575 3.3917620182037354 94799
1709886636676 3.3292620182037354 94849
1709886636781 3.3292620182037354 94899
1709886636882 3.3292620182037354 94949
1709886636983 3.3917620182037354 94999
1709886637084 3.3917620182037354 95049
1709886637184 3.3917620182037354 95099
1709886637286 3.3292620182037354 95149
1709886637389 3.3917620182037354 95199
1709886637495 3.3917620182037354 95249
1709886637601 3.3292620182037354 95299
1709886637710 3.3292620182037354 95349
1709886637818 3.3917620182037354 95399
1709886637928 3.3292620182037354 95449
1709886638042 3.2667620182037354 95499
1709886638147 3.3917620182037354 95549
1709886638253 3.3292620182037354 95599
1709886638359 3.2667620182037354 95649
1709886638469 3.3292620182037354 95699
1709886638575 3.3917620182037354 95749
1709886638692 3.3917620182037354 95799
1709886638801 3.3292620182037354 95849
1709886638922 3.3292620182037354 95899
1709886639037 3.3917620182037354 95949
1709886639145 3.3292620182037354 95999
1709886639250 3.3292620182037354 96049
1709886639353 3.3917620182037354 96099
1709886639458 3.3292620182037354 96149
1709886639563 3.3917620182037354 96199
1709886639667 3.3917620182037354 96249
1709886639768 3.3292620182037354 96299
1709886639871 3.3917620182037354 96349
1709886639976 3.3292620182037354 96399
1709886640082 3.3292620182037354 96449
1709886640189 3.3917620182037354 96499
1709886640298 3.3917620182037354 96549
1709886640404 3.3917620182037354 96599
1709886640515 3.3917620182037354 96649
1709886640620 3.3292620182037354 96699
1709886640727 3.3917620182037354 96749
1709886640834 3.3917620182037354 96799
1709886640940 3.3292620182037354 96849
1709886641046 3.3917620182037354 96899
1709886641151 3.2667620182037354 96949
1709886641253 3.3292620182037354 96999
1709886641358 3.3917620182037354 97049
1709886641464 3.3917620182037354 97099
1709886641582 3.3292620182037354 97149
1709886641686 3.3292620182037354 97199
1709886641795 3.2667620182037354 97249
1709886641897 3.3292620182037354 97299
1709886642005 3.2667620182037354 97349
1709886642114 3.3917620182037354 97399
1709886642220 3.3292620182037354 97449
1709886642329 3.3292620182037354 97499
1709886642434 3.3292620182037354 97549
1709886642545 3.3917620182037354 97599
1709886642655 3.3292620182037354 97649
1709886642762 3.3292620182037354 97699
1709886642866 3.3917620182037354 97749
1709886642968 3.3292620182037354 97799
1709886643070 3.2667620182037354 97849
1709886643175 3.3917620182037354 97899
1709886643275 3.3917620182037354 97949
1709886643380 3.3917620182037354 97999
1709886643483 3.3292620182037354 98049
1709886643587 3.3917620182037354 98099
1709886643691 3.3292620182037354 98149
1709886643796 3.2667620182037354 98199
1709886643900 3.3292620182037354 98249
1709886644005 3.3917620182037354 98299
1709886644108 3.2667620182037354 98349
1709886644226 3.3292620182037354 98399
1709886644330 3.3917620182037354 98449
1709886644434 3.2667620182037354 98499
1709886644538 3.3292620182037354 98549
1709886644646 3.2667620182037354 98599
1709886644751 3.2667620182037354 98649
1709886644856 3.3917620182037354 98699
1709886644964 3.3292620182037354 98749
1709886645072 3.3292620182037354 98799
1709886645183 3.3292620182037354 98849
1709886645293 3.3917620182037354 98899
1709886645411 3.3292620182037354 98949
1709886645520 3.3292620182037354 98999
1709886645625 3.3917620182037354 99049
1709886645732 3.3292620182037354 99099
1709886645836 3.3917620182037354 99149
1709886645940 3.3917620182037354 99199
1709886646043 3.3917620182037354 99249
1709886646146 3.3292620182037354 99299
1709886646253 3.3917620182037354 99349
1709886646358 3.3917620182037354 99399
1709886646467 3.3917620182037354 99449
1709886646571 3.2667620182037354 99499
1709886646690 3.3292620182037354 99549
1709886646797 3.3917620182037354 99599
1709886646902 3.3292620182037354 99649
1709886647008 3.2667620182037354 99699
1709886647113 3.3917620182037354 99749
1709886647217 3.3917620182037354 99799
1709886647321 3.3917620182037354 99849
1709886647426 3.3292620182037354 99899
1709886647532 3.3917620182037354 99949
1709886647636 3.3917620182037354 99999
1709886647740 3.3292620182037354 100049
1709886647846 3.3917620182037354 100099
1709886647950 3.3917620182037354 100149
1709886648057 3.2667620182037354 100199
1709886648168 3.3917620182037354 100249
1709886648277 3.3917620182037354 100299
1709886648384 3.3292620182037354 100349
1709886648503 3.3292620182037354 100399
1709886648608 3.3292620182037354 100449
1709886648717 3.3292620182037354 100499
1709886648823 3.3292620182037354 100549
1709886648927 3.3917620182037354 100599
1709886649030 3.2667620182037354 100649
1709886649135 3.3292620182037354 100699
1709886649238 3.2042620182037354 100749
1709886649345 3.3917620182037354 100799
1709886649455 3.3917620182037354 100849
1709886649564 3.3917620182037354 100899
1709886649687 3.3292620182037354 100949
1709886649794 3.3292620182037354 100999
1709886649909 3.3917620182037354 101049
1709886650019 3.3292620182037354 101099
1709886650122 3.3292620182037354 101149
1709886650226 3.2042620182037354 101199
1709886650331 3.2667620182037354 101249
1709886650434 3.3292620182037354 101299
1709886650536 3.3292620182037354 101349
1709886650638 3.3917620182037354 101399
1709886650744 3.2667620182037354 101449
1709886650854 3.3917624950408936 101499
