1709898363572 2.5347280502319336 0
1709898372047 2.4910027980804443 1
1709898379877 2.4391696453094482 2
1709898387563 2.413086175918579 3
1709898396054 2.4062130451202393 4
1709898403832 2.4167771339416504 5
1709898411660 2.4310638904571533 6
1709898419332 2.4376492500305176 7
1709898427781 2.41349458694458 8
1709898435506 2.4046499729156494 9
1709898443155 2.4475364685058594 10
1709898450841 2.406320571899414 11
1709898459301 2.4364256858825684 12
1709898466905 2.429535388946533 13
1709898474513 2.404435396194458 14
1709898482119 2.4295363426208496 15
1709898490529 2.4441304206848145 16
1709898498265 2.4283196926116943 17
1709898505871 2.4288485050201416 18
1709898513698 2.440443754196167 19
1709898521762 2.397714853286743 20
1709898530186 2.418253183364868 21
1709898537994 2.3931241035461426 22
1709898545591 2.4059088230133057 23
1709898553288 2.4164509773254395 24
1709898561694 2.4567511081695557 25
1709898569372 2.416442632675171 26
1709898576994 2.410583019256592 27
1709898584559 2.4297497272491455 28
1709898592966 2.3942205905914307 29
