1710002173569 2.4819180965423584 1
1710002174778 2.455232858657837 2
1710002175982 2.440214157104492 3
1710002177613 2.4289417266845703 4
1710002178832 2.4214909076690674 5
1710002180078 2.418131113052368 6
1710002181289 2.4155466556549072 7
1710002182488 2.413266897201538 8
1710002184146 2.4105641841888428 9
1710002185362 2.4085021018981934 10
1710002186577 2.406993865966797 11
1710002188207 2.405651330947876 12
1710002189412 2.4049289226531982 13
1710002190640 2.4042012691497803 14
1710002191840 2.4035704135894775 15
1710002193035 2.4027349948883057 16
1710002194654 2.4023828506469727 17
1710002195860 2.4001734256744385 18
1710002197091 2.3990509510040283 19
1710002198726 2.3987271785736084 20
1710002200003 2.398860216140747 21
1710002201260 2.398228168487549 22
1710002202468 2.398113250732422 23
1710002203719 2.398085117340088 24
1710002205368 2.3979077339172363 25
1710002206587 2.3981635570526123 26
1710002207833 2.3966012001037598 27
1710002209477 2.396453857421875 28
1710002210696 2.3963143825531006 29
1710002211932 2.396719217300415 30
