1709894615109 2.454955577850342 0
1709894627565 2.4300875663757324 1
1709894640195 2.440248489379883 2
1709894653194 2.392881393432617 3
1709894666259 2.3963987827301025 4
1709894678844 2.438502550125122 5
1709894691548 2.51904296875 6
1709894704417 2.500020980834961 7
1709894717284 2.4471731185913086 8
1709894729811 2.4473533630371094 9
1709894742095 2.3917622566223145 10
1709894754976 2.3924763202667236 11
1709894767642 2.4473178386688232 12
1709894780354 2.502873182296753 13
1709894792772 2.3917622566223145 14
1709894805015 2.3917622566223145 15
1709894817194 2.5063962936401367 16
1709894829983 2.3917622566223145 17
1709894842414 2.3917622566223145 18
1709894855223 2.3917622566223145 19
1709894868013 2.3917622566223145 20
1709894880470 2.447317123413086 21
1709894892763 2.3917622566223145 22
1709894905032 2.3917622566223145 23
1709894917315 2.3917622566223145 24
1709894929721 2.3917622566223145 25
1709894942589 2.483421802520752 26
1709894955266 2.3917622566223145 27
1709894967302 2.4466795921325684 28
1709894979420 2.4490468502044678 29
