1709894226591 2.4561004638671875 0
1709894233121 2.5479893684387207 1
1709894239485 2.395360231399536 2
1709894247260 2.481898546218872 3
1709894254579 2.613985538482666 4
1709894261164 2.392639636993408 5
1709894267671 2.3926801681518555 6
1709894274440 2.391763925552368 7
1709894280719 2.4750406742095947 8
1709894286927 2.3917622566223145 9
1709894293139 2.4473178386688232 10
1709894299661 2.391786575317383 11
1709894306122 2.391974925994873 12
1709894312660 2.447317600250244 13
1709894319269 2.4044718742370605 14
1709894325920 2.3917622566223145 15
1709894332440 2.3918228149414062 16
1709894339105 2.4305901527404785 17
1709894345577 2.3917622566223145 18
1709894351924 2.3917644023895264 19
1709894358231 2.3917622566223145 20
1709894364705 2.5097813606262207 21
1709894371101 2.4037928581237793 22
1709894377580 2.3917624950408936 23
1709894384200 2.447265863418579 24
1709894390676 2.3917624950408936 25
1709894397341 2.406174421310425 26
1709894404250 2.447317361831665 27
1709894410903 2.3917622566223145 28
1709894417383 2.3917622566223145 29
