1709980711504 2.49817156791687 0
1709980715894 2.4371604919433594 1
1709980720298 2.44268536567688 2
1709980724963 2.487248182296753 3
1709980729608 2.414501428604126 4
1709980734107 2.4385244846343994 5
1709980738567 2.458542585372925 6
1709980743144 2.398373603820801 7
1709980747677 2.4537839889526367 8
1709980752082 2.4311342239379883 9
1709980756708 2.4220921993255615 10
1709980761453 2.4310736656188965 11
1709980765978 2.438584804534912 12
1709980770341 2.4543135166168213 13
1709980774777 2.4133856296539307 14
1709980779388 2.4427385330200195 15
1709980783813 2.404366970062256 16
1709980788210 2.405021905899048 17
1709980792669 2.42914080619812 18
1709980797152 2.391904830932617 19
1709980801625 2.405456066131592 20
1709980805995 2.430121898651123 21
1709980809493 2.3925609588623047 22
1709980811869 2.4376461505889893 23
1709980814503 2.3942320346832275 24
1709980818773 2.417194366455078 25
1709980823463 2.4185972213745117 26
1709980826200 2.3931453227996826 27
1709980828591 2.4162118434906006 28
1709980831019 2.4042305946350098 29
